0 0.49609375 0.353125 0.17421875 0.18046875
0 0.36640625 0.34453125 0.24765625 0.1734375
0 0.2671875 0.1828125 0.21953125 0.18828125
0 0.53515625 0.175 0.20234375 0.15703125
0 0.815625 0.11484375 0.32109375 0.0625
0 0.79375 0.378125 0.2703125 0.059375
0 0.68125 0.46796875 0.20390625 0.159375
0 0.775 0.59921875 0.278125 0.2234375
0 0.76796875 0.6890625 0.11328125 0.13828125
0 0.76796875 0.8375 0.23828125 0.0625
0 0.57734375 0.85703125 0.14765625 0.11875
0 0.3953125 0.715625 0.2171875 0.15859375
0 0.11015625 0.4546875 0.1640625 0.1375