3 0.4953125 0.3859375 0.0953125 0.14609375
3 0.359375 0.19609375 0.25390625 0.04453125
3 0.36875 0.40078125 0.14609375 0.103125
3 0.28515625 0.3734375 0.07265625 0.1171875
3 0.38203125 0.5375 0.26640625 0.08671875
3 0.20078125 0.62734375 0.190625 0.0375
3 0.071875 0.5796875 0.14375 0.05078125
3 0.6674277015625 0.3715753421875 0.6737696609375 0.4486301375 0.6547437859375 0.5235445203125 0.6826484015625 0.5235445203125 0.7016742765624999 0.4650399546875 0.75240994375 0.36658105 0.71435819375 0.3501712328125 0.6674277015625 0.3715753421875
3 0.24759005625000002 0.7076198625 0.34652460625 0.7340182640624999 0.3617453078125 0.57919520625 0.24759005625000002 0.7076198625
3 0 0.8516623859375001 0.042110603125 0.8617294515625 0.1207508875 0.717608446875 0.0953830546875 0.7097602734375 0 0.8174942921874999 0 0.8516623859375001
3 0.8006088281249999 0.4821632421875 0.8285134453125 0.5057077624999999 0.9008117703125 0.4486301375 0.9895991875 0.407962328125 0.9452054796875 0.387985159375 0.8703703703125001 0.44506278593750004 0.8006088281249999 0.4821632421875
3 0 0.3510666890625 0.07635717812500001 0.35231164375 0.0509893453125 0.23958333281250002 0 0.2274543375 0 0.3510666890625
3 0.6763064437499999 0.345176940625 0.6103500765625001 0.27240296875 0.5773718921875 0.24172374375 0.5367833578125001 0.25742009062500004 0.6382546921875 0.35231164375 0.6763064437499999 0.345176940625