0 0.284375 0.18515625 0.128125 0.17421875
0 0.3734375 0.41484375 0.1546875 0.19375
0 0.63828125 0.43359375 0.109375 0.15625
0 0.815625 0.1875 0.1703125 0.159375
0 0.86484375 0.50859375 0.26875 0.0875
0 0.74296875 0.58828125 0.2703125 0.0765625
0 0.846875 0.6875 0.1640625 0.20703125
0 0.72265625 0.83125 0.1171875 0.15390625
0 0.12421875 0.66484375 0.1546875 0.10859375
0 0.390625 0.7328125 0.11328125 0.12734375
0 0.53046875 0.56796875 0.0984375 0.159375
0 0.0578125 0.2359375 0.115625 0.15625
0 0.065625 0.4015625 0.13125 0.103125
0 0.93828125 0.27109375 0.12109375 0.0734375
0 0.303125 0.86171875 0.2796875 0.05625