0 0.40859375 0.303125 0.25546875 0.18515625
0 0.79375 0.2765625 0.334375 0.0953125
0 0.8484375 0.4546875 0.115625 0.2203125
0 0.6359375 0.53671875 0.30234375 0.1328125
0 0.6578125 0.63828125 0.21328125 0.20625
0 0.7984375 0.8171875 0.2875 0.12421875
0 0.459375 0.778125 0.15703125 0.17734375
0 0.421875 0.5390625 0.1453125 0.209375
0 0.2328125 0.5390625 0.20234375 0.12421875
0 0.3109375 0.46015625 0.15078125 0.10078125
0 0.2578125 0.6671875 0.3140625 0.06875
0 0.14453125 0.73671875 0.2265625 0.090625
0 0.2796875 0.82578125 0.19453125 0.1671875