1 0.66796875 0.578125 0.03984375 0.059375
1 0.7515625 0.58671875 0.096875 0.03203125
1 0.72890625 0.6515625 0.084375 0.03515625
1 0.84765625 0.646875 0.0953125 0.040625
1 0.921875 0.5546875 0.05078125 0.06796875
1 0.8015625 0.53828125 0.10703125 0.0296875
1 0.7328125 0.50703125 0.046875 0.059375
1 0.73671875 0.40546875 0.0421875 0.06953125
1 0.78359375 0.32734375 0.07578125 0.02734375
1 0.58359375 0.278125 0.096875 0.01953125
1 0.4328125 0.24609375 0.040625 0.05546875
1 0.35 0.14921875 0.0421875 0.05546875
1 0.234375 0.165625 0.04296875 0.071875
1 0.18359375 0.1828125 0.04609375 0.05078125
1 0.05 0.16640625 0.05625 0.0546875
1 0.19609375 0.09609375 0.096875 0.04375
1 0.4359375 0.721875 0.0375 0.05703125
1 0.3984375 0.77421875 0.0546875 0.06953125
1 0.49609375 0.79453125 0.05234375 0.05078125
1 0.48828125 0.85546875 0.05078125 0.06640625
1 0.134375 0.84453125 0.04375 0.06640625
1 0.23515625 0.659375 0.09921875 0.07109375
1 0.63828125 0.63828125 0.04609375 0.06171875