0 0.08046875 0.40703125 0.16015625 0.08984375
0 0.08203125 0.10390625 0.16328125 0.07265625
0 0.39765625 0.26640625 0.24921875 0.12109375
0 0.578125 0.2671875 0.18359375 0.171875
0 0.83984375 0.18671875 0.1890625 0.159375
0 0.84453125 0.16171875 0.16796875 0.13515625
0 0.36328125 0.40078125 0.14140625 0.18359375
0 0.61640625 0.51875 0.1265625 0.14375
0 0.84921875 0.54765625 0.11328125 0.1328125
0 0.17890625 0.8078125 0.2453125 0.06875
0 0.0671875 0.73359375 0.1171875 0.0890625
0 0.22421875 0.534375 0.20390625 0.14375