0 0.43515625 0.3484375 0.2890625 0.16484375
0 0.828125 0.3296875 0.25859375 0.08515625
0 0.49453125 0.44296875 0.30234375 0.09765625
0 0.2484375 0.58125 0.10546875 0.1984375
0 0.47265625 0.59296875 0.1078125 0.1796875
0 0.69296875 0.56640625 0.359375 0.14375
0 0.92109375 0.5234375 0.1546875 0.20234375
0 0.7046875 0.65703125 0.23984375 0.175
0 0.3859375 0.73359375 0.3609375 0.053125
0 0.09296875 0.7953125 0.1609375 0.06875
0 0.31484375 0.875 0.13984375 0.1328125
0 0.48515625 0.85859375 0.17734375 0.14375
0 0.8125 0.87734375 0.334375 0.10625