3 0.578125 0.10234375 0.1484375 0.06484375
3 0.584375 0.5578125 0.08203125 0.1390625
3 0.45625 0.6671875 0.26640625 0.11796875
3 0.28984375 0.684375 0.08515625 0.14609375
3 0.42265625 0.828125 0.09140625 0.12421875
3 0.35859375 0.90390625 0.14140625 0.0484375
3 0.74609375 0.515625 0.221875 0.08515625
3 0.5078125 0.47734375 0.08828125 0.11015625
3 0.67734375 0.3703125 0.15625 0.11953125
3 0.76875 0.19296875 0.10390625 0.12890625
3 0.03671875 0.4890625 0.0734375 0.0828125
3 0.2984375 0.478125 0.09296875 0.11171875
3 0.3 0.3578125 0.1390625 0.08203125
3 0.84296875 0.6359375 0.23359375 0.07265625