1 0.6046875 0.20546875 0.06484375 0.05625
1 0.9546875 0.17421875 0.0765625 0.05
1 0.815625 0.12265625 0.05859375 0.05390625
1 0.7421875 0.10234375 0.0515625 0.05859375
1 0.371875 0.2 0.14140625 0.0390625
1 0.321875 0.2546875 0.05 0.04921875
1 0.50625 0.30390625 0.02734375 0.0640625
1 0.9296875 0.2625 0.109375 0.0390625
1 0.8671875 0.3125 0.06328125 0.06171875
1 0.95625 0.3546875 0.04296875 0.0515625
1 0.28359375 0.3296875 0.04765625 0.0640625
1 0.38828125 0.33125 0.04765625 0.06640625
1 0.446875 0.3703125 0.0609375 0.04609375
1 0.12734375 0.38984375 0.0328125 0.06484375
1 0.78671875 0.26328125 0.06328125 0.04765625
1 0.590625 0.32421875 0.05390625 0.0515625
1 0.84453125 0.3921875 0.06484375 0.05234375
1 0.17421875 0.40546875 0.065625 0.05234375
1 0.25546875 0.253125 0.06796875 0.03203125
1 0.71796875 0.16171875 0.05234375 0.046875
1 0.55234375 0.1171875 0.09609375 0.0265625
1 0.66953125 0.26328125 0.11328125 0.034375
1 0.6328125 0.33515625 0.04765625 0.04140625
1 0.5421875 0.165625 0.05 0.0390625
1 0.36640625 0.53828125 0.04375 0.0625
1 0.19921875 0.5078125 0.11640625 0.0296875
1 0.3390625 0.64921875 0.04140625 0.0515625
1 0.340625 0.71796875 0.04375 0.071875
1 0.675 0.70078125 0.115625 0.03671875
1 0.29296875 0.65703125 0.05 0.0578125
1 0.87109375 0.4484375 0.046875 0.0671875
1 0.50390625 0.4546875 0.07890625 0.03515625
1 0.3859375 0.83515625 0.0578125 0.065625
1 0.54375 0.75234375 0.03671875 0.071875
1 0.5984375 0.76796875 0.04609375 0.05625
1 0.58984375 0.821875 0.04140625 0.040625
1 0.53125 0.83359375 0.0890625 0.02421875
1 0.4828125 0.81875 0.06328125 0.021875
1 0.44765625 0.74765625 0.05078125 0.05625
1 0.4328125 0.71796875 0.05390625 0.0296875
1 0.75390625 0.8515625 0.05390625 0.04765625
1 0.78203125 0.51875 0.05859375 0.05390625
1 0.9421875 0.5796875 0.09375 0.0171875
1 0.95 0.6609375 0.03671875 0.0625
1 0.73203125 0.78984375 0.059375 0.05625
1 0.7421875 0.7453125 0.04765625 0.05234375
1 0.88203125 0.79765625 0.0953125 0.040625
1 0.83046875 0.76171875 0.115625 0.02578125
1 0.8453125 0.8578125 0.03046875 0.05546875
1 0.39140625 0.68203125 0.04140625 0.06640625
1 0.6234375 0.590625 0.084375 0.04765625
1 0.51640625 0.49140625 0.10625 0.028125
1 0.60625 0.47109375 0.0828125 0.01953125
1 0.68984375 0.4734375 0.0390625 0.0390625
1 0.11328125 0.49609375 0.0359375 0.06015625
1 0.1828125 0.5578125 0.10078125 0.0171875