0 0.42890625 0.32265625 0.1609375 0.13515625
0 0.6578125 0.196875 0.278125 0.06796875
0 0.6859375 0.315625 0.18359375 0.0609375
0 0.90546875 0.3265625 0.14921875 0.0953125
0 0.75625 0.44375 0.1078125 0.159375
0 0.584375 0.5171875 0.2625 0.10859375
0 0.5890625 0.60390625 0.1703125 0.175
0 0.825 0.60078125 0.271875 0.0890625
0 0.7390625 0.70078125 0.25546875 0.1296875
0 0.87109375 0.76328125 0.2359375 0.05234375
0 0.86953125 0.88125 0.259375 0.07265625
0 0.5140625 0.7703125 0.25546875 0.07265625
0 0.40703125 0.66875 0.1359375 0.13046875
0 0.4 0.52734375 0.12109375 0.15703125
0 0.21875 0.52421875 0.1171875 0.14765625
0 0.228125 0.62890625 0.1546875 0.09765625
0 0.31640625 0.721875 0.0984375 0.13515625
0 0.221875 0.7984375 0.20390625 0.07265625
0 0.10078125 0.82265625 0.2015625 0.05
0 0.24765625 0.1578125 0.2359375 0.13828125
0 0.33125 0.09375 0.20234375 0.04765625
0 0.35078125 0.43984375 0.1546875 0.08828125