3 0.275 0.83828125 0.13515625 0.1640625
3 0.178125 0.83984375 0.071875 0.1359375
3 0.4125 0.7953125 0.2078125 0.0578125
3 0.459375 0.83359375 0.1515625 0.04765625
3 0.80625 0.7609375 0.25546875 0.05390625
3 0.65234375 0.628125 0.2140625 0.06953125
3 0.078125 0.5875 0.14609375 0.06796875
3 0.83984375 0.2328125 0.08046875 0.1140625
3 0.4890625 0.140625 0.240625 0.0421875
3 0.08984375 0.13203125 0.14921875 0.06171875
3 0.38359375 0.24453125 0.2265625 0.096875
3 0.428125 0.3390625 0.08046875 0.1140625
3 0.31875 0.3390625 0.15859375 0.075
3 0.6546875 0.24921875 0.18828125 0.09375
3 0.26484375 0.42890625 0.0875 0.0953125
3 0.2828125 0.71796875 0.2671875 0.08828125