1 0.74140625 0.24375 0.07890625 0.040625
1 0.90390625 0.20234375 0.084375 0.059375
1 0.9203125 0.2515625 0.13359375 0.021875
1 0.38203125 0.5328125 0.0546875 0.0578125
1 0.2875 0.58671875 0.071875 0.0515625
1 0.4046875 0.36484375 0.053125 0.0609375
1 0.36640625 0.31484375 0.03359375 0.05234375
1 0.17578125 0.2953125 0.05859375 0.06484375
1 0.1015625 0.37578125 0.053125 0.05234375
1 0.21640625 0.4484375 0.05625 0.04375
1 0.178125 0.4765625 0.0328125 0.0546875
1 0.359375 0.45546875 0.04765625 0.059375
1 0.3078125 0.50390625 0.06171875 0.04609375
1 0.3109375 0.73359375 0.05625 0.05078125
1 0.24609375 0.69296875 0.09296875 0.05625
1 0.29140625 0.78125 0.0953125 0.02109375
1 0.4640625 0.69296875 0.1 0.0328125
1 0.4046875 0.6296875 0.11640625 0.02578125
1 0.5890625 0.26796875 0.11328125 0.015625
1 0.87109375 0.825 0.09765625 0.05703125
1 0.825 0.89765625 0.09375 0.03828125
1 0.53984375 0.83359375 0.0671875 0.0390625
1 0.43671875 0.80625 0.103125 0.02265625
1 0.67109375 0.759375 0.08125 0.05
1 0.3703125 0.659375 0.0875 0.01875
1 0.8546875 0.54375 0.0328125 0.07890625
1 0.88828125 0.47890625 0.084375 0.0234375
1 0.53671875 0.73671875 0.05625 0.06640625
1 0.57265625 0.9046875 0.0421875 0.0609375