1 0.6203125 0.80703125 0.07734375 0.06875
1 0.84453125 0.16875 0.125 0.03125
1 0.6140625 0.2390625 0.075 0.05546875
1 0.69375 0.2515625 0.05390625 0.05859375
1 0.76875 0.25 0.0484375 0.05
1 0.1890625 0.1703125 0.06328125 0.05546875
1 0.45 0.71953125 0.04375 0.05390625
1 0.69453125 0.7171875 0.09765625 0.04609375
1 0.74921875 0.78515625 0.04375 0.06015625
1 0.70390625 0.77734375 0.04140625 0.053125
1 0.73671875 0.865625 0.04140625 0.071875
1 0.69921875 0.8671875 0.02734375 0.07578125
1 0.58046875 0.909375 0.09609375 0.03359375
1 0.85546875 0.5453125 0.0359375 0.06875
1 0.946875 0.55546875 0.1046875 0.03515625
1 0.1984375 0.8640625 0.1390625 0.034375
1 0.14765625 0.44921875 0.1 0.03671875
1 0.79296875 0.309375 0.0484375 0.05078125
1 0.42578125 0.25546875 0.04453125 0.05078125
1 0.275 0.11015625 0.03984375 0.07734375
1 0.21796875 0.11328125 0.075 0.06875
1 0.8953125 0.27265625 0.08359375 0.03984375
1 0.84609375 0.75234375 0.06953125 0.046875
1 0.50390625 0.88671875 0.13515625 0.03984375
1 0.21171875 0.26328125 0.07890625 0.03984375
1 0.34296875 0.15390625 0.0390625 0.0578125
1 0.384375 0.14453125 0.04921875 0.053125
1 0.4984375 0.1765625 0.05859375 0.046875
1 0.56015625 0.19609375 0.02734375 0.05859375
1 0.65078125 0.18046875 0.04609375 0.05703125
1 0.78671875 0.21640625 0.0703125 0.0359375
1 0.915625 0.225 0.11171875 0.0421875
1 0.890625 0.40390625 0.05390625 0.0359375
1 0.43203125 0.57890625 0.05 0.04765625