3 0.26875 0.23515625 0.12734375 0.05078125
3 0.2109375 0.30390625 0.2296875 0.0421875
3 0.078125 0.5734375 0.0765625 0.1
3 0.1109375 0.64609375 0.06796875 0.115625
3 0.54765625 0.6828125 0.05625 0.10546875
3 0.4140625 0.21875 0.1671875 0.08671875
3 0.41796875 0.15625 0.18203125 0.02890625
3 0.95390625 0.10546875 0.08984375 0.075
3 0.3015625 0.4453125 0.1125 0.12265625
3 0.36171875 0.65234375 0.178125 0.0359375
3 0.6140625 0.7953125 0.10390625 0.14921875
3 0.78671875 0.8046875 0.1796875 0.0421875
3 0.3859375 0.8046875 0.0703125 0.1625
3 0.20078125 0.69375 0.115625 0.14296875
3 0.24609375 0.57890625 0.2125 0.03046875