2 0.2375 0.5359375 0.05078125 0.2984375
2 0.8828125 0.3046875 0.121875 0.090625
2 0.71328125 0.3328125 0.0796875 0.25078125
2 0.25 0.2800925921875 0.1022135421875 0.3888888890625 0.111328125 0.43518518593750005 0.267578125 0.3495370375 0.25 0.2800925921875
2 0.142578125 0.5543981484375 0.1490885421875 0.4791666671875 0.0026041671875 0.46527777812500004 0.0013020828125 0.5289351859375 0.142578125 0.5543981484375
2 0.1360677078125 0.5833333328125 0.0045572921875 0.652777778125 0.0006510421875 0.7395833328125 0.1438802078125 0.6701388890625 0.1360677078125 0.5833333328125
2 0.5546875 0.18402777812499999 0.46484375 0.4988425921875 0.5169270828125 0.5486111109375 0.59375 0.1990740734375 0.5546875 0.18402777812499999
2 0.9075520828125001 0.375 0.9010416671874999 0.45370370312499997 0.9994791671875 0.4903050109375 0.9994791671875 0.41898148125 0.9075520828125001 0.375
2 0.66015625 0.5925925921874999 0.6276041671875 0.577546296875 0.62109375 0.5833333328125 0.58984375 0.8206018515625001 0.6451822921875 0.84375 0.66015625 0.5925925921874999
2 0.8795572921874999 0.60648148125 0.8307291671874999 0.6608796296875 0.9075520828125001 0.875 0.94140625 0.8356481484374999 0.8795572921874999 0.60648148125
2 0.7434895828125 0.7361111109375 0.7122395828125 0.8229166671874999 0.8046875 0.8981481484374999 0.8522135421874999 0.89351851875 0.7434895828125 0.7361111109375
2 0.7272135421875 0.490740740625 0.7037760421875 0.57523148125 0.8294270828125001 0.652777778125 0.8391927078125001 0.60648148125 0.7272135421875 0.490740740625
2 0.6796875 0.18402777812499999 0.826171875 0.20370370312500002 0.845703125 0.1145833328125 0.6842447921875 0.1238425921875 0.6796875 0.18402777812499999
2 0.2955729171875 0.14351851875 0.2610677078125 0.42129629687500003 0.2877604171875 0.41319444375 0.34765625 0.1550925921875 0.2955729171875 0.14351851875