1 0.3609375 0.7109375 0.05390625 0.04453125
1 0.2890625 0.784375 0.1 0.02578125
1 0.47109375 0.70234375 0.08359375 0.0625
1 0.4359375 0.603125 0.115625 0.02421875
1 0.284375 0.5765625 0.09453125 0.021875
1 0.40390625 0.484375 0.06953125 0.04921875
1 0.3125 0.33125 0.0390625 0.05859375
1 0.66875 0.16640625 0.10390625 0.040625
1 0.8484375 0.234375 0.06953125 0.06640625
1 0.934375 0.25 0.03515625 0.04921875
1 0.4984375 0.35625 0.028125 0.06640625
1 0.67578125 0.3296875 0.10859375 0.0234375
1 0.88671875 0.434375 0.0390625 0.07890625
1 0.9359375 0.87265625 0.103125 0.046875
1 0.921875 0.81953125 0.103125 0.06796875
1 0.80546875 0.76953125 0.05859375 0.07578125
1 0.434375 0.7640625 0.11328125 0.0296875
1 0.49375 0.840625 0.08359375 0.0484375
1 0.3515625 0.6578125 0.05703125 0.02421875
1 0.18359375 0.4171875 0.03671875 0.04765625
1 0.278125 0.72578125 0.08984375 0.02734375
1 0.46796875 0.5296875 0.06484375 0.0296875
1 0.565625 0.5328125 0.08203125 0.02890625
1 0.53359375 0.4734375 0.09296875 0.02734375