1 0.40078125 0.7484375 0.08203125 0.06328125
1 0.3109375 0.7875 0.10625 0.03046875
1 0.803125 0.80390625 0.096875 0.08203125
1 0.80703125 0.69609375 0.1140625 0.0203125
1 0.209375 0.4703125 0.065625 0.05078125
1 0.16171875 0.53828125 0.0765625 0.04453125
1 0.18828125 0.6046875 0.07890625 0.0375
1 0.11953125 0.634375 0.13203125 0.021875
1 0.30078125 0.65625 0.078125 0.0375
1 0.9171875 0.271875 0.0640625 0.065625
1 0.93984375 0.32890625 0.04921875 0.06171875
1 0.54375 0.16796875 0.0765625 0.0671875
1 0.684375 0.14609375 0.04453125 0.0625
1 0.75625 0.14140625 0.03359375 0.05703125
1 0.7625 0.26328125 0.046875 0.04765625
1 0.91015625 0.390625 0.065625 0.05625
1 0.97109375 0.4046875 0.03671875 0.04609375
1 0.9234375 0.50234375 0.1015625 0.025
1 0.4171875 0.53125 0.1375 0.025
1 0.47578125 0.634375 0.05078125 0.0546875
1 0.55234375 0.6375 0.1140625 0.02265625