1 0.740625 0.5203125 0.03984375 0.06484375
1 0.4296875 0.7625 0.03828125 0.05546875
1 0.384375 0.82109375 0.08125 0.06796875
1 0.08359375 0.7984375 0.08046875 0.06484375
1 0.16640625 0.8078125 0.08984375 0.04140625
1 0.7515625 0.68671875 0.078125 0.0390625
1 0.86484375 0.6765625 0.12109375 0.04609375
1 0.9515625 0.57421875 0.053125 0.07421875
1 0.8234375 0.33125 0.09140625 0.028125
1 0.49375 0.309375 0.04375 0.0609375
1 0.39296875 0.15 0.03203125 0.07578125
1 0.19375 0.14296875 0.05078125 0.07890625
1 0.5265625 0.84921875 0.0546875 0.06875
1 0.66796875 0.64765625 0.04140625 0.07421875
1 0.3859375 0.29375 0.0390625 0.07109375
1 0.534375 0.55234375 0.03671875 0.0453125
1 0.58125 0.60625 0.11640625 0.04921875
1 0.6046875 0.8296875 0.07421875 0.05
1 0.7265625 0.7484375 0.065625 0.08359375
1 0.7453125 0.4109375 0.04296875 0.07421875
1 0.7890625 0.5484375 0.08984375 0.02578125
1 0.85 0.45078125 0.05859375 0.07578125