3 0.4828125 0.2109375 0.20859375 0.0390625
3 0.62734375 0.30703125 0.19375 0.05625
3 0.9296875 0.165625 0.13828125 0.06875
3 0.86015625 0.4 0.05625 0.11796875
3 0.109375 0.70859375 0.090625 0.103125
3 0.2 0.74609375 0.07109375 0.11328125
3 0.4 0.83671875 0.153125 0.13984375
3 0.559375 0.7546875 0.0671875 0.11953125
3 0.40390625 0.5890625 0.1 0.09453125
3 0.4515625 0.41484375 0.23671875 0.0640625
3 0.4078125 0.29609375 0.17109375 0.07265625
3 0.10078125 0.30859375 0.05859375 0.06875
3 0.2625 0.196875 0.1859375 0.06171875
3 0.77265625 0.1796875 0.178125 0.071875