1 0.65 0.71953125 0.0359375 0.059375
1 0.51015625 0.78984375 0.03828125 0.04765625
1 0.50078125 0.7546875 0.07421875 0.040625
1 0.603125 0.7765625 0.06875 0.05625
1 0.12734375 0.878125 0.0484375 0.05
1 0.30390625 0.8765625 0.11328125 0.0359375
1 0.7703125 0.33828125 0.1 0.028125
1 0.19296875 0.27265625 0.0453125 0.0578125
1 0.125 0.10234375 0.0390625 0.059375
1 0.2578125 0.78359375 0.04140625 0.071875
1 0.6421875 0.60546875 0.0484375 0.06640625
1 0.74296875 0.64375 0.0875 0.0390625
1 0.7703125 0.5578125 0.1 0.0234375
1 0.75859375 0.5109375 0.03671875 0.05625
1 0.74765625 0.39921875 0.04921875 0.059375
1 0.64140625 0.30703125 0.0390625 0.04140625
1 0.2609375 0.21171875 0.053125 0.04921875
1 0.30859375 0.715625 0.103125 0.02421875
1 0.52890625 0.68828125 0.08046875 0.0390625
1 0.1546875 0.628125 0.09453125 0.0328125
1 0.0796875 0.60078125 0.1140625 0.02265625
1 0.01953125 0.56875 0.03828125 0.05859375
1 0.51796875 0.1703125 0.1046875 0.02265625
1 0.48515625 0.1375 0.09765625 0.02578125