1 0.87734375 0.2515625 0.1125 0.01875
1 0.90078125 0.2046875 0.07578125 0.0546875
1 0.70859375 0.23671875 0.11015625 0.04609375
1 0.5484375 0.246875 0.12890625 0.02578125
1 0.35546875 0.25859375 0.071875 0.04140625
1 0.26328125 0.34765625 0.04609375 0.06328125
1 0.18984375 0.45078125 0.07421875 0.04765625
1 0.103125 0.41875 0.04609375 0.04921875
1 0.1484375 0.325 0.06484375 0.053125
1 0.4015625 0.36484375 0.05546875 0.04609375
1 0.62890625 0.2984375 0.1421875 0.01953125
1 0.73359375 0.3 0.05234375 0.04921875
1 0.64375 0.8171875 0.05625 0.0703125
1 0.61875 0.88359375 0.0328125 0.059375
1 0.278125 0.63984375 0.0515625 0.03125
1 0.16953125 0.68046875 0.11796875 0.034375
1 0.146875 0.765625 0.07734375 0.04375
1 0.33125 0.80078125 0.1 0.0203125
1 0.4453125 0.809375 0.09765625 0.01640625
1 0.546875 0.8390625 0.0640625 0.0421875
1 0.87734375 0.90078125 0.09765625 0.04609375
1 0.7328125 0.8875 0.0515625 0.0375
1 0.36796875 0.46015625 0.04609375 0.05390625
1 0.3671875 0.4890625 0.08984375 0.01875
1 0.346875 0.5328125 0.028125 0.0546875
1 0.34609375 0.325 0.0328125 0.05078125
1 0.3921875 0.7296875 0.04921875 0.06953125
1 0.7546875 0.70625 0.09453125 0.02890625
1 0.790625 0.7734375 0.0703125 0.07421875
1 0.93984375 0.85703125 0.09453125 0.03125
1 0.934375 0.79921875 0.09453125 0.03671875
1 0.5703125 0.64609375 0.08203125 0.0453125
1 0.53203125 0.70703125 0.05234375 0.06484375
1 0.46484375 0.69765625 0.0875 0.040625
1 0.41875 0.6671875 0.0875 0.02265625
1 0.40859375 0.64609375 0.09765625 0.0171875
1 0.16171875 0.54296875 0.05625 0.0375
1 0.8453125 0.45078125 0.0609375 0.0546875
1 0.68515625 0.37421875 0.0484375 0.04375
1 0.4703125 0.2859375 0.0609375 0.0328125
1 0.48828125 0.35546875 0.0515625 0.04453125
1 0.47109375 0.50546875 0.08984375 0.04609375
1 0.56875 0.53203125 0.09296875 0.03671875
1 0.6578125 0.4921875 0.04140625 0.0359375