1 0.6484375 0.746875 0.11796875 0.040625
1 0.65546875 0.80625 0.06953125 0.075
1 0.7328125 0.78203125 0.04296875 0.05859375
1 0.78984375 0.78203125 0.05546875 0.05859375
1 0.72421875 0.8625 0.03671875 0.0796875
1 0.76875 0.85546875 0.0453125 0.06953125
1 0.5484375 0.8890625 0.14921875 0.0375
1 0.1125 0.721875 0.125 0.0296875
1 0.0796875 0.25859375 0.06796875 0.0609375
1 0.21328125 0.146875 0.06328125 0.04140625
1 0.315625 0.2359375 0.065625 0.046875
1 0.784375 0.15 0.125 0.02578125
1 0.82890625 0.25390625 0.05078125 0.06015625
1 0.83359375 0.3171875 0.0484375 0.053125
1 0.79609375 0.609375 0.06875 0.07265625
1 0.853125 0.659375 0.06953125 0.021875
1 0.4828125 0.6203125 0.08203125 0.025
1 0.20625 0.3984375 0.08046875 0.02265625
1 0.67109375 0.1875 0.04921875 0.05625
1 0.953125 0.21796875 0.08984375 0.06328125
1 0.95390625 0.27265625 0.090625 0.03984375
1 0.94140625 0.31875 0.0421875 0.0640625
1 0.92890625 0.375 0.13125 0.02734375
1 0.17890625 0.48515625 0.08046875 0.05078125
1 0.05 0.590625 0.0640625 0.0609375
1 0.07265625 0.52265625 0.0890625 0.03671875
1 0.04453125 0.45078125 0.07578125 0.06796875
1 0.528125 0.77109375 0.0984375 0.05078125
1 0.83046875 0.54921875 0.05 0.0640625