1 0.51484375 0.5328125 0.04765625 0.07109375
1 0.4625 0.5078125 0.05625 0.05234375
1 0.728125 0.509375 0.04140625 0.0578125
1 0.8640625 0.43828125 0.03671875 0.0921875
1 0.86015625 0.53515625 0.0375 0.07421875
1 0.74453125 0.69453125 0.10625 0.046875
1 0.890625 0.6875 0.1421875 0.04375
1 0.609375 0.734375 0.05 0.084375
1 0.6546875 0.66640625 0.0515625 0.0765625
1 0.4921875 0.87421875 0.05703125 0.0859375
1 0.4359375 0.81328125 0.08125 0.046875
1 0.2796875 0.8953125 0.0734375 0.0765625
1 0.17421875 0.8875 0.059375 0.07890625
1 0.07421875 0.8921875 0.1484375 0.034375
1 0.1296875 0.825 0.08671875 0.05234375
1 0.37734375 0.78984375 0.0484375 0.06640625
1 0.52109375 0.76875 0.05234375 0.05703125
1 0.73828125 0.3890625 0.04609375 0.08203125
1 0.80625 0.39765625 0.08203125 0.06640625
1 0.8453125 0.30234375 0.09609375 0.028125
1 0.72421875 0.17890625 0.05859375 0.09375
1 0.46015625 0.2796875 0.05234375 0.08046875
1 0.30546875 0.22734375 0.03828125 0.06875
1 0.15546875 0.190625 0.06171875 0.0828125
1 0.21796875 0.2609375 0.040625 0.06640625
1 0.0984375 0.340625 0.05703125 0.078125