0 0.5984375 0.2421875 0.2453125 0.12421875
0 0.76640625 0.1515625 0.19296875 0.1671875
0 0.7421875 0.359375 0.1359375 0.15078125
0 0.51328125 0.36328125 0.30234375 0.09453125
0 0.4375 0.42421875 0.32109375 0.0890625
0 0.19609375 0.3859375 0.11328125 0.20390625
0 0.09765625 0.4765625 0.13203125 0.16796875
0 0.4359375 0.5734375 0.109375 0.17421875
0 0.31484375 0.5109375 0.2078125 0.0921875
0 0.65 0.571875 0.30078125 0.1140625
0 0.67421875 0.48984375 0.290625 0.12421875
0 0.79375 0.4578125 0.20234375 0.171875
0 0.6484375 0.6859375 0.2890625 0.065625
0 0.621875 0.75 0.28125 0.08203125
0 0.31640625 0.76953125 0.1546875 0.175