3 0.4046875 0.12734375 0.0859375 0.1171875
3 0.1984375 0.07890625 0.1703125 0.03359375
3 0.9390625 0.1875 0.0734375 0.10625
3 0.08984375 0.578125 0.17734375 0.07734375
3 0.871875 0.79609375 0.2375 0.04609375
3 0.47421875 0.875 0.2140625 0.03671875
3 0.4796875 0.265625 0.225 0.1078125
3 0.19609375 0.24609375 0.17109375 0.0953125
3 0.65 0.8640625 0.165625 0.0671875
3 0.49765625 0.82109375 0.21484375 0.040625
3 0.5078125 0.65078125 0.10859375 0.1203125
3 0.84609375 0.47890625 0.04765625 0.08203125
3 0.33203125 0.45625 0.11171875 0.1109375