3 0.56953125 0.20546875 0.06484375 0.1484375
3 0.64921875 0.29140625 0.0703125 0.1390625
3 0.428125 0.146875 0.259375 0.034375
3 0.096875 0.109375 0.1625 0.0546875
3 0.29140625 0.32890625 0.15703125 0.090625
3 0.071875 0.3078125 0.11328125 0.1015625
3 0.28828125 0.2109375 0.21640625 0.09375
3 0.67109375 0.453125 0.1125 0.14609375
3 0.62578125 0.515625 0.08515625 0.078125
3 0.153125 0.7921875 0.06484375 0.1390625
3 0.4296875 0.8484375 0.190625 0.06796875
3 0.5421875 0.79765625 0.175 0.0359375
3 0.290625 0.65078125 0.24609375 0.08671875
3 0.06015625 0.58515625 0.1203125 0.07890625
3 0.22265625 0.41484375 0.0953125 0.08515625