3 0.63984375 0.48359375 0.1109375 0.1125
3 0.29375 0.48515625 0.0875 0.08125
3 0.1984375 0.690625 0.09296875 0.08984375
3 0.3828125 0.62578125 0.11484375 0.08828125
3 0.340625 0.6921875 0.1546875 0.040625
3 0.4984375 0.68984375 0.08984375 0.06796875
3 0.85703125 0.53828125 0.21015625 0.06640625
3 0.6515625 0.3515625 0.13359375 0.0453125
3 0.48671875 0.22578125 0.14375 0.09140625
3 0.1954732515625 0.2320601859375 0.1368312765625 0.2638888890625 0.3425925921875 0.3460648140625 0.39917695468750003 0.30902777812500004 0.1954732515625 0.2320601859375
3 0.1985596703125 0.2910879625 0.1574074078125 0.31597222187499996 0.298353909375 0.4172453703125 0.3323045265625 0.38715277812500004 0.1985596703125 0.2910879625
3 0.6820987656249999 0.640046296875 0.781893003125 0.624421296875 0.9156378609375 0.628472221875 0.9135802468750001 0.5868055562500001 0.8240740734375 0.5978009265625001 0.741769546875 0.6082175921874999 0.700617284375 0.6140046296875 0.6872427984375 0.6238425921874999 0.6820987656249999 0.640046296875
3 0.7078189296875 0.6417824078125001 0.558641975 0.728009259375 0.586419753125 0.7413194437499999 0.6512345671875 0.699652778125 0.6975308640625 0.6863425921874999 0.7335390937499999 0.6707175921874999 0.74897119375 0.6620370375 0.730452675 0.6458333328125 0.7078189296875 0.6417824078125001
3 0.450617284375 0.780671296875 0.34773662656250004 0.7199074078125001 0.3240740734375 0.730902778125 0.40637860156250005 0.8049768515625001 0.44753086406250003 0.7951388890625 0.450617284375 0.780671296875