3 0.29921875 0.24453125 0.225 0.06796875
3 0.0953125 0.16796875 0.12734375 0.04140625
3 0.49765625 0.4734375 0.259375 0.04609375
3 0.33046875 0.5359375 0.07890625 0.0953125
3 0.1515625 0.525 0.1109375 0.11953125
3 0.1609375 0.43671875 0.11640625 0.0796875
3 0.25390625 0.3671875 0.12109375 0.0734375
3 0.4328125 0.32734375 0.07734375 0.09921875
3 0.5859375 0.37890625 0.08984375 0.0734375
3 0.13203125 0.621875 0.16875 0.05078125
3 0.0640625 0.784375 0.1109375 0.1765625
3 0.51015625 0.153125 0.0671875 0.1109375
3 0.9265625 0.3890625 0.1125 0.12578125
3 0.3425925921875 0.625578703125 0.1934156375 0.559027778125 0.1676954734375 0.568865740625 0.296296296875 0.652777778125 0.354938271875 0.6429398140625 0.3425925921875 0.625578703125