3 0.38125 0.21953125 0.21484375 0.053125
3 0.153125 0.12265625 0.14609375 0.103125
3 0.40703125 0.28984375 0.07265625 0.103125
3 0.253125 0.3125 0.17578125 0.0984375
3 0.409375 0.50546875 0.24609375 0.078125
3 0.52734375 0.3890625 0.1015625 0.12265625
3 0.75625 0.33125 0.06640625 0.15234375
3 0.59375 0.209375 0.1 0.11171875
3 0.909375 0.43515625 0.1765625 0.0734375
3 0.11796875 0.55625 0.2 0.0796875
3 0.353125 0.68046875 0.07734375 0.1
3 0.15546875 0.46484375 0.06328125 0.0828125
3 0.15 0.3671875 0.18359375 0.0546875
3 0.06796875 0.290625 0.05859375 0.11171875