0 0.42734375 0.3140625 0.2171875 0.153125
0 0.6765625 0.16953125 0.296875 0.05546875
0 0.79375 0.41953125 0.1265625 0.15703125
0 0.5859375 0.51484375 0.2890625 0.1296875
0 0.60546875 0.6203125 0.19296875 0.17734375
0 0.84140625 0.61171875 0.315625 0.1171875
0 0.73828125 0.73984375 0.21171875 0.140625
0 0.53203125 0.8171875 0.28359375 0.1140625
0 0.41796875 0.684375 0.12265625 0.12421875
0 0.4 0.54140625 0.15859375 0.171875
0 0.35 0.42421875 0.1640625 0.0765625
0 0.23671875 0.52265625 0.0890625 0.140625
0 0.11484375 0.59296875 0.2296875 0.05859375
0 0.18515625 0.66484375 0.18359375 0.07421875
0 0.3234375 0.73671875 0.12265625 0.1375
0 0.19453125 0.83984375 0.19453125 0.090625
0 0.07890625 0.775 0.15078125 0.12421875
0 0.246875 0.1171875 0.23046875 0.0953125