3 0.47578125 0.12734375 0.25625 0.0484375
3 0.675 0.10546875 0.10546875 0.0796875
3 0.76328125 0.17265625 0.07734375 0.14140625
3 0.2046875 0.23671875 0.20546875 0.0375
3 0.10859375 0.30390625 0.175 0.03359375
3 0.4828125 0.340625 0.059375 0.14921875
3 0.6796875 0.3671875 0.13359375 0.13515625
3 0.6375 0.52421875 0.08359375 0.14921875
3 0.18203125 0.478125 0.07421875 0.1671875
3 0.86484375 0.6484375 0.19453125 0.103125
3 0.5796875 0.69375 0.25390625 0.046875
3 0.34375 0.48203125 0.0625 0.11796875
3 0.26171875 0.4625 0.096875 0.09609375
3 0.040625 0.63046875 0.08125 0.0984375