0 0.5015625 0.6171875 0.109375 0.2
0 0.31640625 0.62109375 0.2796875 0.1171875
0 0.71640625 0.315625 0.31171875 0.0796875
0 0.87890625 0.2015625 0.15703125 0.1703125
0 0.76015625 0.09921875 0.27421875 0.06171875
0 0.58671875 0.1359375 0.1546875 0.13515625
0 0.428125 0.16953125 0.2265625 0.12109375
0 0.409375 0.25625 0.215625 0.13046875
0 0.4328125 0.36875 0.29296875 0.05234375
0 0.4140625 0.42109375 0.2359375 0.07734375
0 0.07890625 0.45 0.11328125 0.171875
0 0.49375 0.82734375 0.1609375 0.09375
0 0.80390625 0.81875 0.30625 0.19375
0 0.13359375 0.8671875 0.2421875 0.0921875
0 0.203125 0.26640625 0.06015625 0.2
0 0.1921875 0.1046875 0.32109375 0.065625