0 0.6114890390625 0.1194727890625 0.4848828421875 0.284226190625 0.6077097515625 0.3129251703125 0.7154195015625 0.14604591875 0.6114890390625 0.1194727890625
0 0.696523053125 0.3139880953125 0.5736961453125 0.438350340625 0.6530612234375 0.46492346875 0.7815570671875001 0.3193027203125 0.696523053125 0.3139880953125
0 0.3563869984375 0.3320578234375 0.4376417234375 0.48937074843749995 0.50188964375 0.4734268703125 0.4376417234375 0.324617346875 0.3563869984375 0.3320578234375
0 0.70030234375 0.4755527203125 0.5925925921874999 0.5765306125 0.6587301578125 0.6031037421875001 0.76266061875 0.49681122499999997 0.70030234375 0.4755527203125
0 0.8099017390625001 0.53613945625 0.8061224484375 0.7093962578124999 0.8854875281249999 0.7115221093749999 0.9006046859374999 0.5318877546875 0.8099017390625001 0.53613945625
0 0.8987150421875001 0.597789115625 0.791005290625 0.6849489796875 0.8382464093750001 0.7062074828125 0.9365079359375 0.6169217687499999 0.8987150421875001 0.597789115625
0 0.705971278125 0.69876700625 0.753212396875 0.659438775 0.5453514734375 0.5478316328124999 0.49433106562500007 0.5818452375 0.705971278125 0.69876700625
0 0.5453514734375 0.6721938781250001 0.58314436875 0.6668792515625 0.5264550265625 0.54251700625 0.45086923749999996 0.5531462578124999 0.5453514734375 0.6721938781250001
0 0.36205593281250004 0.749787415625 0.6643990921875 0.7285289109375 0.6587301578125 0.6881377546875 0.3431594859375 0.7019557828125 0.36205593281250004 0.749787415625
0 0.30914588125 0.653061225 0.5680272109375 0.7646683671875001 0.6114890390625 0.7306547625 0.3507180640625 0.6169217687499999 0.30914588125 0.653061225
0 0.1447467875 0.714710884375 0.0823885109375 0.7593537421875001 0.33182161718750003 0.8656462578124999 0.3696145125 0.829506803125 0.1447467875 0.714710884375
0 0.38095238125 0.8125 0.3185941046875 0.8337585031250001 0.3979591828125 0.9060374156250001 0.46409675000000006 0.8847789109375 0.38095238125 0.8125
0 0.078609221875 0.54251700625 0.19009826093749999 0.6456207484375 0.258125471875 0.6169217687499999 0.1447467875 0.5265731296875 0.078609221875 0.54251700625
0 0.1428571421875 0.1800595234375 0.20521541875 0.32142857187499996 0.29969765625 0.3107993203125 0.22978080156249997 0.1619897953125 0.1428571421875 0.1800595234375
0 0.12396069531250001 0.358630953125 0.01625094375 0.4670493203125 0.0729402875 0.49362244843749997 0.19198790625 0.37988945625000003 0.12396069531250001 0.358630953125
0 0.05026455 0.22576530625000002 0 0.2489902203125 0.12396069531250001 0.3745748296875 0.186318971875 0.3511904765625 0.05026455 0.22576530625000002
0 0.8854875281249999 0.1407312921875 0.7343159484374999 0.281037415625 0.8193499624999999 0.30761054374999997 0.9705215421875 0.15136054375000002 0.8854875281249999 0.1407312921875
0 0.139077853125 0.6243622453125 0.012471656250000001 0.7115221093749999 0.06349206406249999 0.7465986390625 0.20521541875 0.6488095234375 0.139077853125 0.6243622453125
0 0.075 0.17578125 0.14921875 0.03828125