3 0.228125 0.359375 0.21328125 0.075
3 0.375 0.46953125 0.21328125 0.07265625
3 0.35 0.58359375 0.22109375 0.1125
3 0.39375 0.64609375 0.18515625 0.04296875
3 0.09453125 0.63359375 0.1875 0.0734375
3 0.06953125 0.78125 0.1390625 0.0875
3 0.85703125 0.525 0.23671875 0.10546875
3 0.3046875 0.13984375 0.140625 0.08359375
3 0.5077160484375 0.20517113125000003 0.5429894171874999 0.2002108140625 0.46031746093750003 0.06380208281250001 0.39748677187500003 0.06876240156249999 0.419532628125 0.11092509843750001 0.5077160484375 0.20517113125000003
3 0.35670193906250003 0.2250124015625 0.320326278125 0.23617311562499999 0.33134920625 0.26841517812500004 0.41622575 0.2839161703125 0.5650352734374999 0.33661954375 0.59810405625 0.309337796875 0.4636243390625 0.2671750984375 0.39748677187500003 0.22067212343749998 0.35670193906250003 0.2250124015625
3 0.3015873015625 0.22377232187499999 0.2464726625 0.186569940625 0.17702821875000002 0.1878100203125 0.18474426875 0.22997271874999997 0.3919753078125 0.3229786703125 0.3015873015625 0.22377232187499999
3 0.43606701875000003 0.4283854171875 0.45811287500000003 0.43954613125 0.5903880078125 0.3973834328125 0.6201499125 0.3645213296875 0.6201499125 0.3496403765625 0.5826719578125 0.34033978125000003 0.43606701875000003 0.4283854171875
3 0.5650352734374999 0.5443328375 0.5628306875 0.527591765625 0.5793650796875001 0.4934895828125 0.5055114640625 0.49658978125 0.5165343921875001 0.517051090625 0.531966490625 0.5337921625 0.5165343921875001 0.6671006937499999 0.48567019375 0.6844618062500001 0.5760582015625 0.69190228125 0.5826719578125 0.673301090625 0.57716049375 0.651599703125 0.5826719578125 0.5821552578125 0.5650352734374999 0.5443328375