1 0.25 0.28828125 0.0625 0.04765625
1 0.36484375 0.15703125 0.05859375 0.0390625
1 0.3953125 0.29375 0.06171875 0.046875
1 0.496875 0.153125 0.0953125 0.0578125
1 0.60234375 0.15703125 0.08046875 0.0421875
1 0.81171875 0.22109375 0.06796875 0.059375
1 0.80390625 0.27734375 0.0515625 0.05390625
1 0.2640625 0.434375 0.07421875 0.065625
1 0.24921875 0.5453125 0.08984375 0.0421875
1 0.2984375 0.69765625 0.0453125 0.0421875
1 0.13828125 0.6328125 0.07890625 0.0359375
1 0.2765625 0.8421875 0.13359375 0.025
1 0.7984375 0.82265625 0.065625 0.07421875
1 0.88515625 0.8015625 0.04140625 0.05390625
1 0.92578125 0.80234375 0.046875 0.053125
1 0.92265625 0.878125 0.03984375 0.0578125
1 0.878125 0.88203125 0.04921875 0.07109375
1 0.7046875 0.78984375 0.0984375 0.03671875
1 0.71171875 0.82265625 0.08828125 0.0390625
1 0.20546875 0.80625 0.115625 0.01953125
1 0.07734375 0.753125 0.078125 0.046875
1 0.22890625 0.70234375 0.04140625 0.0328125
1 0.20859375 0.66875 0.10625 0.03046875
1 0.16171875 0.69609375 0.08984375 0.03515625
1 0.88671875 0.67890625 0.05234375 0.05078125
1 0.80859375 0.6578125 0.03046875 0.05
1 0.171875 0.37734375 0.0359375 0.0453125
1 0.6 0.2828125 0.0515625 0.05234375
1 0.68125 0.28359375 0.07890625 0.02734375
1 0.14921875 0.32265625 0.059375 0.040625
1 0.04921875 0.31640625 0.0578125 0.05078125
1 0.0953125 0.52890625 0.10078125 0.0421875
1 0.14609375 0.58515625 0.0375 0.03828125
1 0.3796875 0.734375 0.0859375 0.0578125
1 0.63046875 0.76640625 0.05234375 0.0484375
1 0.49765625 0.9 0.0578125 0.06640625