3 0.465625 0.22421875 0.10546875 0.1609375
3 0.265625 0.22265625 0.18046875 0.03515625
3 0.2234375 0.29140625 0.2078125 0.02734375
3 0.25859375 0.48828125 0.0734375 0.13515625
3 0.69453125 0.71640625 0.18515625 0.034375
3 0.38828125 0.47734375 0.1484375 0.071875
3 0.69140625 0.87265625 0.1453125 0.1140625
3 0.85 0.8375 0.21640625 0.05
3 0.9046875 0.66171875 0.1828125 0.10078125
3 0.84921875 0.75546875 0.09453125 0.0890625
3 0.37890625 0.871875 0.09140625 0.109375
3 0.265625 0.6703125 0.0890625 0.14296875