3 0.56171875 0.40625 0.1140625 0.134375
3 0.5515625 0.20703125 0.10546875 0.13984375
3 0.40546875 0.1546875 0.23671875 0.08203125
3 0.25625 0.321875 0.1609375 0.09453125
3 0.1875 0.39765625 0.11328125 0.103125
3 0.303125 0.72421875 0.128125 0.0890625
3 0.41484375 0.7171875 0.10625 0.1140625
3 0.353125 0.58359375 0.25703125 0.071875
3 0.52890625 0.49453125 0.10625 0.0578125
3 0.321875 0.4578125 0.15546875 0.0828125
3 0.45625 0.8171875 0.2 0.06015625
3 0.1639231828125 0.7799639921875 0.3845450390625 0.8699845671875 0.42112482812499996 0.8224022640624999 0.267946959375 0.7806069953125 0.14677640625 0.7291666671875 0.1159122078125 0.76067386875 0.1639231828125 0.7799639921875
3 0.687471421875 0.42309670781250003 0.8395061734375 0.5484825109375 0.8932327390625 0.54591049375 0.8589391859375001 0.5214763375 0.7697759484375 0.43016975312500005 0.7503429359375 0.38515946562500003 0.7160493828125001 0.3928755140625 0.687471421875 0.42309670781250003
3 0.63374485625 0.7600308640625 0.7446273437500001 0.7818930046875 0.7709190671874999 0.7439557609375 0.664609053125 0.7278806578125 0.49085505312500005 0.7175925921874999 0.49314128906250004 0.7497427984375 0.63374485625 0.7600308640625
3 0.1273433921875 0.18389917656250002 0.34453589375 0.2481995890625 0.3582533140625 0.2179783953125 0.25308641875000004 0.19097222187500001 0.1616369453125 0.1427469140625 0.1330589859375 0.14724794218749998 0.14449016875 0.1491769546875 0.1273433921875 0.18389917656250002