3 0.35625 0.3625 0.34921875 0.0609375
3 0.63046875 0.36484375 0.10390625 0.1828125
3 0.75390625 0.21640625 0.11328125 0.1828125
3 0.43984375 0.12890625 0.23984375 0.09375
3 0.36640625 0.721875 0.1890625 0.18828125
3 0.1359375 0.7046875 0.271875 0.05
3 0.0953125 0.79296875 0.190625 0.05546875
3 0.0765625 0.87578125 0.153125 0.10234375
3 0.95859375 0.253125 0.08046875 0.18984375
3 0.2477324265625 0.14817176875 0.191043084375 0.190688775 0.47448979687500004 0.30017006875 0.3327664390625 0.1779336734375 0.2477324265625 0.14817176875
3 0.5689720328125001 0.3139880953125 0.451814059375 0.1758078234375 0.41213151875 0.167304421875 0.33843537343749996 0.190688775 0.5727513234375 0.3341836734375 0.5689720328125001 0.3139880953125
3 0.773053665625 0.8422619046875001 0.5784202578125 0.829506803125 0.8335222984374999 0.9028486390625 0.8807634171875 0.8528911562499999 0.773053665625 0.8422619046875001
3 0.9657974296875 0.45642006874999996 0.9128873765625001 0.4309098640625 0.8807634171875 0.438350340625 0.8524187453125001 0.4468537421875 0.8561980359374999 0.4755527203125 0.8240740734375 0.6031037421875001 0.795729403125 0.6509353734375 0.842970521875 0.6509353734375 0.9091080874999999 0.5340136046875 0.9657974296875 0.45642006874999996
3 0.6691232046875 0.62117346875 0.5727513234375 0.6296768703125 0.6105442171875 0.7572278906250001 0.6256613765625 0.8231292515625 0.6502267578125001 0.8210034015625001 0.6634542703124999 0.7572278906250001 0.7050264546875 0.69664115625 0.6880196515625 0.6509353734375 0.6691232046875 0.62117346875