0 0.38125 0.4 0.32109375 0.12578125
0 0.803125 0.4140625 0.3265625 0.07265625
0 0.58515625 0.11875 0.30234375 0.10859375
0 0.2328125 0.18203125 0.2515625 0.121875
0 0.30546875 0.1109375 0.2265625 0.0828125
0 0.68203125 0.47734375 0.14140625 0.18828125
0 0.51640625 0.490625 0.315625 0.0875
0 0.3859375 0.57890625 0.190625 0.0765625
0 0.2078125 0.68203125 0.1453125 0.20390625
0 0.43359375 0.6609375 0.13203125 0.17734375
0 0.690625 0.5890625 0.38203125 0.18828125
0 0.853125 0.70234375 0.15078125 0.2171875
0 0.34921875 0.803125 0.359375 0.1484375