1 0.6027777777777777 0.20494791666666667 0.06481481481481481 0.05677083333333333
1 0.9532407407407407 0.17369791666666667 0.07685185185185185 0.050520833333333334
1 0.8138888888888889 0.12161458333333333 0.05925925925925926 0.05364583333333333
1 0.7407407407407408 0.10182291666666667 0.05185185185185186 0.058854166666666666
1 0.37083333333333335 0.19895833333333332 0.14166666666666666 0.03854166666666667
1 0.32037037037037036 0.25416666666666665 0.05 0.04895833333333333
1 0.5046296296296297 0.3033854166666667 0.02777777777777778 0.0640625
1 0.9287037037037037 0.26171875 0.10925925925925926 0.0390625
1 0.8657407407407408 0.31197916666666664 0.06296296296296297 0.06145833333333333
1 0.9546296296296297 0.35390625 0.04259259259259259 0.0515625
1 0.28194444444444444 0.32890625 0.04722222222222222 0.0640625
1 0.38703703703703707 0.3307291666666667 0.04814814814814815 0.06666666666666667
1 0.44537037037037036 0.36953125 0.061111111111111116 0.04635416666666667
1 0.12592592592592594 0.3888020833333333 0.03333333333333333 0.06510416666666667
1 0.7851851851851852 0.2622395833333333 0.06296296296296297 0.04739583333333333
1 0.5888888888888889 0.32317708333333334 0.053703703703703705 0.0515625
1 0.8435185185185186 0.39088541666666665 0.06481481481481481 0.05260416666666667
1 0.1726851851851852 0.4049479166666667 0.06574074074074074 0.05260416666666667
1 0.25462962962962965 0.2520833333333333 0.06851851851851852 0.03229166666666666
1 0.7166666666666667 0.16067708333333333 0.05185185185185186 0.04635416666666667
1 0.5509259259259259 0.11666666666666667 0.0962962962962963 0.026041666666666668
1 0.6685185185185185 0.2625 0.11296296296296297 0.034375
1 0.6314814814814815 0.3341145833333333 0.04814814814814815 0.0421875
1 0.5407407407407407 0.16484375 0.05 0.0390625
1 0.3652777777777778 0.5375 0.04351851851851852 0.0625
1 0.19814814814814816 0.5072916666666667 0.11666666666666667 0.029166666666666667
1 0.33796296296296297 0.6486979166666667 0.040740740740740744 0.0515625
1 0.33935185185185185 0.7169270833333333 0.04351851851851852 0.07239583333333333
1 0.6736111111111112 0.7002604166666666 0.11574074074074074 0.03697916666666667
1 0.2916666666666667 0.65625 0.05 0.057291666666666664
1 0.8694444444444445 0.44765625 0.0462962962962963 0.0671875
1 0.5023148148148149 0.4536458333333333 0.0787037037037037 0.035416666666666666
1 0.38472222222222224 0.8346354166666666 0.058333333333333334 0.06510416666666667
1 0.5425925925925926 0.7515625 0.037037037037037035 0.071875
1 0.5972222222222222 0.7674479166666667 0.0462962962962963 0.05677083333333333
1 0.5884259259259259 0.8208333333333333 0.04166666666666667 0.040625
1 0.5296296296296297 0.8325520833333333 0.08888888888888889 0.024479166666666666
1 0.4814814814814815 0.8177083333333334 0.06296296296296297 0.021875
1 0.4467592592592593 0.7466145833333333 0.05092592592592593 0.05572916666666666
1 0.43194444444444446 0.7171875 0.05462962962962963 0.029166666666666667
1 0.7523148148148149 0.8505208333333333 0.05462962962962963 0.04791666666666666
1 0.7810185185185186 0.51796875 0.058333333333333334 0.05364583333333333
1 0.9402777777777778 0.5794270833333334 0.09351851851851853 0.0171875
1 0.9490740740740741 0.6598958333333333 0.037037037037037035 0.0625
1 0.7305555555555556 0.7893229166666667 0.05925925925925926 0.05572916666666666
1 0.7407407407407408 0.74453125 0.04814814814814815 0.05260416666666667
1 0.8800925925925926 0.7971354166666667 0.09537037037037037 0.04010416666666666
1 0.8291666666666667 0.7604166666666666 0.11574074074074074 0.026041666666666668
1 0.8439814814814816 0.8572916666666667 0.030555555555555558 0.05520833333333333
1 0.3902777777777778 0.6809895833333334 0.04166666666666667 0.06614583333333333
1 0.6217592592592592 0.5895833333333333 0.08425925925925926 0.04791666666666666
1 0.5143518518518518 0.4903645833333333 0.10648148148148148 0.027604166666666666
1 0.6050925925925926 0.46979166666666666 0.08240740740740742 0.019791666666666666
1 0.687962962962963 0.47239583333333335 0.03888888888888889 0.03958333333333333
1 0.11157407407407408 0.49505208333333334 0.036111111111111115 0.059895833333333336
1 0.1814814814814815 0.55703125 0.1 0.0171875
