1 0.5810185185185185 0.2557291666666667 0.04351851851851852 0.052083333333333336
1 0.9328703703703705 0.23020833333333332 0.05462962962962963 0.059375
1 0.6583333333333333 0.16458333333333333 0.07962962962962963 0.0375
1 0.6472222222222223 0.11536458333333333 0.09074074074074075 0.0234375
1 0.7222222222222222 0.15286458333333333 0.04814814814814815 0.06302083333333333
1 0.8421296296296297 0.4145833333333333 0.04537037037037037 0.071875
1 0.4087962962962963 0.5158854166666667 0.0638888888888889 0.034895833333333334
1 0.425 0.6005208333333333 0.12407407407407407 0.02395833333333333
1 0.27824074074074073 0.5783854166666667 0.10833333333333334 0.0203125
1 0.23472222222222222 0.7846354166666667 0.10277777777777779 0.0359375
1 0.36064814814814816 0.7005208333333334 0.05092592592592593 0.04791666666666666
1 0.12685185185185185 0.6330729166666667 0.07777777777777778 0.06927083333333334
1 0.20555555555555557 0.5106770833333333 0.06851851851851852 0.0359375
1 0.3615740740740741 0.2955729166666667 0.058333333333333334 0.05677083333333333
1 0.4185185185185185 0.34453125 0.053703703703703705 0.050520833333333334
1 0.44583333333333336 0.7252604166666666 0.08611111111111111 0.05572916666666666
1 0.7347222222222223 0.7346354166666667 0.04351851851851852 0.0609375
1 0.7782407407407408 0.8184895833333333 0.03796296296296296 0.06302083333333333
1 0.5361111111111111 0.6143229166666666 0.05185185185185186 0.0546875
1 0.8236111111111112 0.22994791666666667 0.05648148148148149 0.06822916666666666
1 0.42083333333333334 0.2700520833333333 0.05277777777777778 0.0546875
1 0.9333333333333333 0.8778645833333333 0.1 0.03697916666666667
1 0.3680555555555556 0.46901041666666665 0.05648148148148149 0.0421875
1 0.9685185185185186 0.36614583333333334 0.044444444444444446 0.053125
