1 0.7861111111111111 0.24192708333333332 0.05 0.058854166666666666
1 0.23240740740740742 0.3109375 0.06851851851851852 0.05520833333333333
1 0.31342592592592594 0.37109375 0.04351851851851852 0.0515625
1 0.7601851851851852 0.7174479166666666 0.11481481481481481 0.030729166666666665
1 0.787962962962963 0.8130208333333333 0.0462962962962963 0.07395833333333333
1 0.900462962962963 0.8880208333333334 0.032407407407407406 0.065625
1 0.887962962962963 0.809375 0.037037037037037035 0.04583333333333333
1 0.8472222222222222 0.8026041666666667 0.04814814814814815 0.04583333333333333
1 0.8444444444444444 0.7541666666666667 0.10555555555555556 0.041666666666666664
1 0.6064814814814815 0.78203125 0.05 0.049479166666666664
1 0.2564814814814815 0.8705729166666667 0.11666666666666667 0.028645833333333332
1 0.20324074074074075 0.8286458333333333 0.10648148148148148 0.021875
1 0.04351851851851852 0.7705729166666666 0.07037037037037037 0.0515625
1 0.21805555555555556 0.7510416666666666 0.09907407407407408 0.034375
1 0.26157407407407407 0.71328125 0.05277777777777778 0.043229166666666666
1 0.1736111111111111 0.45234375 0.03981481481481482 0.044270833333333336
1 0.3 0.48125 0.11296296296296297 0.03125
1 0.1865740740740741 0.5119791666666667 0.09722222222222222 0.03125
1 0.06805555555555556 0.5583333333333333 0.09351851851851853 0.04791666666666666
1 0.0925925925925926 0.6130208333333333 0.02777777777777778 0.046875
1 0.1337962962962963 0.38359375 0.04722222222222222 0.0453125
1 0.5620370370370371 0.13645833333333332 0.044444444444444446 0.05520833333333333
1 0.7805555555555556 0.29765625 0.03888888888888889 0.05677083333333333
1 0.8458333333333333 0.38776041666666666 0.0638888888888889 0.03697916666666667
1 0.850462962962963 0.43072916666666666 0.11574074074074074 0.019791666666666666
1 0.7870370370370371 0.4825520833333333 0.09444444444444444 0.018229166666666668
1 0.7694444444444445 0.45208333333333334 0.08333333333333334 0.019791666666666666
1 0.4356481481481482 0.2739583333333333 0.058333333333333334 0.03958333333333333
1 0.3805555555555556 0.19140625 0.05185185185185186 0.0359375
1 0.3439814814814815 0.7502604166666667 0.0712962962962963 0.06302083333333333
1 0.42083333333333334 0.7020833333333333 0.10092592592592593 0.01875
1 0.5222222222222223 0.8346354166666666 0.10555555555555556 0.030729166666666665
1 0.25925925925925924 0.54375 0.09814814814814815 0.028125
1 0.2712962962962963 0.5822916666666667 0.10555555555555556 0.028125
1 0.8342592592592593 0.6341145833333334 0.04259259259259259 0.050520833333333334
1 0.7675925925925926 0.6330729166666667 0.10555555555555556 0.024479166666666666
1 0.9087962962962963 0.6364583333333333 0.06018518518518519 0.058333333333333334
1 0.6370370370370371 0.6119791666666666 0.11296296296296297 0.022916666666666665
1 0.762962962962963 0.5557291666666666 0.08703703703703704 0.019791666666666666
1 0.8689814814814815 0.54375 0.08240740740740742 0.029166666666666667
