1 0.6671296296296296 0.5770833333333333 0.03981481481481482 0.059375
1 0.750462962962963 0.5861979166666667 0.09722222222222222 0.03177083333333333
1 0.7273148148148149 0.6505208333333333 0.08425925925925926 0.035416666666666666
1 0.8462962962962963 0.6458333333333334 0.09444444444444444 0.040625
1 0.9208333333333334 0.55390625 0.05092592592592593 0.06822916666666666
1 0.8 0.5375 0.10740740740740741 0.029166666666666667
1 0.7310185185185185 0.50625 0.04722222222222222 0.059375
1 0.7356481481481482 0.4046875 0.04166666666666667 0.06979166666666667
1 0.7819444444444444 0.3268229166666667 0.075 0.027604166666666666
1 0.5819444444444445 0.27708333333333335 0.09722222222222222 0.019791666666666666
1 0.4314814814814815 0.2453125 0.040740740740740744 0.05520833333333333
1 0.34814814814814815 0.14869791666666665 0.04259259259259259 0.05572916666666666
1 0.23240740740740742 0.16510416666666666 0.04259259259259259 0.071875
1 0.1824074074074074 0.18177083333333333 0.0462962962962963 0.051041666666666666
1 0.04861111111111111 0.165625 0.05648148148148149 0.05416666666666667
1 0.19490740740740742 0.0953125 0.09722222222222222 0.04375
1 0.43472222222222223 0.7205729166666667 0.03796296296296296 0.05677083333333333
1 0.39675925925925926 0.7734375 0.05462962962962963 0.06979166666666667
1 0.4949074074074074 0.7934895833333333 0.05277777777777778 0.050520833333333334
1 0.48750000000000004 0.8544270833333333 0.05092592592592593 0.06614583333333333
1 0.1328703703703704 0.8434895833333333 0.04351851851851852 0.06614583333333333
1 0.2337962962962963 0.6588541666666666 0.09907407407407408 0.07083333333333333
1 0.6370370370370371 0.6375 0.0462962962962963 0.06145833333333333
