1 0.8694444444444445 0.3484375 0.07037037037037037 0.04895833333333333
1 0.3578703703703704 0.7049479166666667 0.049074074074074076 0.05572916666666666
1 0.4217592592592593 0.7341145833333333 0.10462962962962963 0.04739583333333333
1 0.23287037037037037 0.7989583333333333 0.05648148148148149 0.059375
1 0.11342592592592593 0.7682291666666666 0.0638888888888889 0.04583333333333333
1 0.26157407407407407 0.8692708333333333 0.062037037037037036 0.026041666666666668
1 0.5745370370370371 0.7375 0.028703703703703703 0.06354166666666666
1 0.6125 0.6955729166666667 0.049074074074074076 0.043229166666666666
1 0.34953703703703703 0.40572916666666664 0.05462962962962963 0.06875
1 0.4467592592592593 0.41328125 0.10277777777777779 0.033854166666666664
1 0.39351851851851855 0.36640625 0.03888888888888889 0.0484375
1 0.3995370370370371 0.3015625 0.03796296296296296 0.046875
1 0.18287037037037038 0.35130208333333335 0.075 0.0453125
1 0.2476851851851852 0.6963541666666666 0.07685185185185185 0.04375
1 0.41481481481481486 0.8166666666666667 0.09814814814814815 0.03333333333333333
1 0.6236111111111111 0.15364583333333334 0.058333333333333334 0.07083333333333333
1 0.9532407407407407 0.2833333333333333 0.032407407407407406 0.06875
1 0.9333333333333333 0.8815104166666666 0.07777777777777778 0.0453125
1 0.8296296296296297 0.7828125 0.05185185185185186 0.07083333333333333
1 0.8972222222222223 0.6950520833333333 0.07222222222222223 0.04010416666666666
1 0.3819444444444445 0.5317708333333333 0.08796296296296297 0.029166666666666667
1 0.20694444444444446 0.5239583333333333 0.06944444444444445 0.040625
1 0.7722222222222223 0.2583333333333333 0.05 0.05416666666666667
1 0.9601851851851853 0.40234375 0.06666666666666667 0.057812499999999996
