1 0.3592592592592593 0.7106770833333333 0.053703703703703705 0.044270833333333336
1 0.287962962962963 0.7838541666666666 0.1 0.026041666666666668
1 0.46944444444444444 0.7015625 0.08333333333333334 0.0625
1 0.43472222222222223 0.6026041666666666 0.11574074074074074 0.02395833333333333
1 0.2833333333333333 0.5760416666666667 0.09444444444444444 0.021875
1 0.40231481481481485 0.48411458333333335 0.06944444444444445 0.049479166666666664
1 0.3111111111111111 0.33098958333333334 0.03888888888888889 0.058854166666666666
1 0.6675925925925926 0.165625 0.10370370370370371 0.040625
1 0.8467592592592593 0.23359375 0.06944444444444445 0.06614583333333333
1 0.9333333333333333 0.24973958333333332 0.03518518518518519 0.049479166666666664
1 0.49722222222222223 0.35572916666666665 0.02777777777777778 0.06666666666666667
1 0.674537037037037 0.32890625 0.10833333333333334 0.0234375
1 0.8851851851851852 0.43385416666666665 0.03888888888888889 0.07916666666666666
1 0.9347222222222222 0.871875 0.10277777777777779 0.046875
1 0.9208333333333334 0.81875 0.10277777777777779 0.06770833333333333
1 0.8041666666666667 0.7690104166666667 0.058333333333333334 0.07552083333333333
1 0.43333333333333335 0.76328125 0.11296296296296297 0.0296875
1 0.49259259259259264 0.83984375 0.08333333333333334 0.0484375
1 0.35000000000000003 0.6575520833333334 0.05740740740740741 0.024479166666666666
1 0.1824074074074074 0.4166666666666667 0.037037037037037035 0.04791666666666666
1 0.2763888888888889 0.7255208333333333 0.08981481481481482 0.027083333333333334
1 0.4666666666666667 0.52890625 0.06481481481481481 0.0296875
1 0.5643518518518519 0.53203125 0.08240740740740742 0.028645833333333332
1 0.5324074074074074 0.47291666666666665 0.0925925925925926 0.027083333333333334
