1 0.7393518518518519 0.51953125 0.03981481481481482 0.06510416666666667
1 0.42824074074074076 0.7622395833333333 0.03796296296296296 0.05572916666666666
1 0.38333333333333336 0.8203125 0.08148148148148149 0.06770833333333333
1 0.08194444444444444 0.7981770833333334 0.08055555555555556 0.06510416666666667
1 0.16527777777777777 0.8072916666666666 0.08981481481481482 0.041666666666666664
1 0.75 0.6861979166666666 0.07777777777777778 0.0390625
1 0.8634259259259259 0.67578125 0.1212962962962963 0.04635416666666667
1 0.950462962962963 0.5734375 0.05277777777777778 0.07395833333333333
1 0.8217592592592593 0.3307291666666667 0.09166666666666667 0.028125
1 0.49212962962962964 0.3091145833333333 0.04351851851851852 0.0609375
1 0.3912037037037037 0.14973958333333334 0.032407407407407406 0.07552083333333333
1 0.19212962962962965 0.14270833333333333 0.05092592592592593 0.07916666666666666
1 0.525462962962963 0.8484375 0.05462962962962963 0.06875
1 0.6662037037037037 0.646875 0.04166666666666667 0.07395833333333333
1 0.38472222222222224 0.29322916666666665 0.03981481481481482 0.07083333333333333
1 0.5328703703703704 0.5518229166666666 0.036111111111111115 0.0453125
1 0.5800925925925926 0.60546875 0.11574074074074074 0.049479166666666664
1 0.6027777777777777 0.8291666666666666 0.07407407407407407 0.05
1 0.725462962962963 0.7479166666666667 0.06574074074074074 0.08333333333333333
1 0.7435185185185186 0.41041666666666665 0.04259259259259259 0.07395833333333333
1 0.7875 0.5473958333333333 0.08981481481481482 0.026041666666666668
1 0.8486111111111111 0.45026041666666666 0.058333333333333334 0.07552083333333333
