1 0.3995370370370371 0.7479166666666667 0.08240740740740742 0.06354166666666666
1 0.3092592592592593 0.7864583333333334 0.10555555555555556 0.030208333333333334
1 0.8013888888888889 0.8028645833333333 0.09722222222222222 0.08177083333333333
1 0.8060185185185186 0.6953125 0.11388888888888889 0.019791666666666666
1 0.20787037037037037 0.46979166666666666 0.06574074074074074 0.051041666666666666
1 0.16018518518518518 0.5372395833333333 0.07592592592592592 0.0453125
1 0.1865740740740741 0.6036458333333333 0.0787037037037037 0.0375
1 0.11805555555555557 0.6341145833333334 0.13240740740740742 0.021354166666666667
1 0.29953703703703705 0.65546875 0.0787037037037037 0.03802083333333333
1 0.9157407407407407 0.2713541666666667 0.06296296296296297 0.065625
1 0.938425925925926 0.328125 0.049074074074074076 0.06145833333333333
1 0.5421296296296296 0.16692708333333334 0.07685185185185185 0.0671875
1 0.6833333333333333 0.14557291666666666 0.044444444444444446 0.06197916666666667
1 0.7546296296296297 0.140625 0.03333333333333333 0.057291666666666664
1 0.7611111111111112 0.2625 0.0462962962962963 0.04791666666666666
1 0.9087962962962963 0.38984375 0.06574074074074074 0.05572916666666666
1 0.9699074074074074 0.40390624999999997 0.036111111111111115 0.04635416666666667
1 0.9222222222222223 0.5018229166666667 0.10185185185185186 0.024479166666666666
1 0.41574074074074074 0.5307291666666667 0.13703703703703704 0.025
1 0.47453703703703703 0.6338541666666666 0.05092592592592593 0.05520833333333333
1 0.5504629629629629 0.63671875 0.11388888888888889 0.022395833333333334
