0 0.5939814814814816 0.2015625 0.11944444444444445 0.125
0 0.39814814814814814 0.22994791666666667 0.2833333333333333 0.0734375
0 0.5712962962962963 0.33359375 0.22037037037037038 0.12760416666666666
0 0.5166666666666667 0.4239583333333333 0.2555555555555556 0.10625
0 0.5268518518518519 0.5432291666666667 0.30185185185185187 0.058333333333333334
0 0.5287037037037037 0.5911458333333334 0.25 0.08020833333333333
0 0.6083333333333334 0.79140625 0.15555555555555556 0.1828125
0 0.4361111111111111 0.78125 0.26481481481481484 0.103125
0 0.1875 0.61953125 0.1564814814814815 0.17864583333333334
0 0.20787037037037037 0.37265625 0.21203703703703705 0.08489583333333334
0 0.32962962962962966 0.28932291666666665 0.2962962962962963 0.07135416666666666
0 0.33101851851851855 0.42526041666666664 0.14166666666666666 0.18802083333333333
0 0.1527777777777778 0.8302083333333333 0.2537037037037037 0.14791666666666667
0 0.8782407407407408 0.49557291666666664 0.23055555555555557 0.0796875
0 0.8120370370370371 0.54765625 0.17407407407407408 0.08802083333333333
0 0.9486111111111112 0.27447916666666666 0.09907407407407408 0.14791666666666667
0 0.4847222222222222 0.0921875 0.2175925925925926 0.053125
0 0.08009259259259259 0.22552083333333334 0.10092592592592593 0.15208333333333332
0 0.7152777777777778 0.3052083333333333 0.12314814814814816 0.12395833333333334
