0 0.7291666666666667 0.15104166666666666 0.33981481481481485 0.11145833333333333
0 0.8944444444444445 0.2908854166666667 0.19814814814814816 0.0765625
0 0.9305555555555556 0.4317708333333333 0.10740740740740741 0.209375
0 0.837962962962963 0.6799479166666667 0.2555555555555556 0.13802083333333334
0 0.6865740740740741 0.6752604166666667 0.25462962962962965 0.1328125
0 0.45833333333333337 0.7372395833333333 0.27037037037037037 0.06197916666666667
0 0.42685185185185187 0.5114583333333333 0.30185185185185187 0.21562499999999998
0 0.4476851851851852 0.28828125 0.325 0.07760416666666667
0 0.4851851851851852 0.20416666666666666 0.17407407407407408 0.14375
0 0.27361111111111114 0.15260416666666665 0.11018518518518519 0.146875
0 0.04398148148148148 0.35130208333333335 0.06574074074074074 0.1296875
0 0.19722222222222224 0.7447916666666666 0.13703703703703704 0.19375
0 0.10277777777777779 0.7541666666666667 0.12592592592592594 0.20208333333333334
0 0.7444444444444445 0.8552083333333333 0.3592592592592593 0.04895833333333333
0 0.34074074074074073 0.38125 0.19814814814814816 0.16145833333333334
0 0.5967592592592593 0.8434895833333333 0.15833333333333333 0.1359375
