0 0.8745370370370371 0.21640625 0.13240740740740742 0.1703125
0 0.6314814814814815 0.21640625 0.17592592592592593 0.13177083333333334
0 0.5212962962962964 0.11562499999999999 0.18888888888888888 0.1
0 0.2847222222222222 0.13411458333333334 0.3212962962962963 0.0796875
0 0.24722222222222223 0.18463541666666666 0.34074074074074073 0.07447916666666667
0 0.22962962962962963 0.34140625 0.08518518518518518 0.21822916666666667
0 0.12268518518518519 0.26171875 0.21203703703703705 0.09010416666666667
0 0.4625 0.24661458333333333 0.2490740740740741 0.12447916666666667
0 0.4430555555555556 0.3325520833333333 0.2212962962962963 0.1296875
0 0.4740740740740741 0.4395833333333333 0.24629629629629632 0.046875
0 0.44074074074074077 0.49973958333333335 0.20555555555555557 0.0921875
0 0.7388888888888889 0.39036458333333335 0.2833333333333333 0.07135416666666666
0 0.7393518518518519 0.4588541666666667 0.2175925925925926 0.07395833333333333
0 0.5203703703703704 0.6895833333333333 0.1425925925925926 0.22291666666666665
0 0.35879629629629634 0.6815104166666667 0.2490740740740741 0.11614583333333334
0 0.12731481481481483 0.5307291666666667 0.13796296296296298 0.16458333333333333
0 0.5467592592592593 0.8723958333333334 0.23240740740740742 0.09583333333333333
0 0.8597222222222223 0.8606770833333334 0.22314814814814815 0.14010416666666667
