1 0.513425925925926 0.53203125 0.04722222222222222 0.07135416666666666
1 0.46111111111111114 0.5072916666666667 0.05555555555555556 0.052083333333333336
1 0.7263888888888889 0.5083333333333333 0.04166666666666667 0.058333333333333334
1 0.862962962962963 0.43723958333333335 0.037037037037037035 0.0921875
1 0.8587962962962963 0.5346354166666667 0.03796296296296296 0.07447916666666667
1 0.7430555555555556 0.69375 0.10648148148148148 0.046875
1 0.8893518518518518 0.68671875 0.14166666666666666 0.044270833333333336
1 0.6083333333333334 0.7333333333333333 0.05 0.084375
1 0.6537037037037037 0.665625 0.05185185185185186 0.07708333333333334
1 0.49074074074074076 0.8736979166666666 0.05740740740740741 0.0859375
1 0.4342592592592593 0.8125 0.08148148148148149 0.046875
1 0.27824074074074073 0.89453125 0.07314814814814816 0.0765625
1 0.17222222222222222 0.8864583333333333 0.05925925925925926 0.07916666666666666
1 0.07361111111111111 0.8919270833333334 0.14907407407407408 0.034895833333333334
1 0.1287037037037037 0.8239583333333333 0.08703703703703704 0.052083333333333336
1 0.375462962962963 0.7895833333333333 0.049074074074074076 0.06666666666666667
1 0.5194444444444445 0.7682291666666666 0.05185185185185186 0.057291666666666664
1 0.737037037037037 0.3888020833333333 0.0462962962962963 0.08177083333333333
1 0.8050925925925926 0.396875 0.08240740740740742 0.06666666666666667
1 0.8439814814814816 0.3020833333333333 0.09537037037037037 0.028125
1 0.7226851851851852 0.17864583333333334 0.058333333333333334 0.09375
1 0.45833333333333337 0.2791666666666667 0.05185185185185186 0.08020833333333333
1 0.3041666666666667 0.2265625 0.03796296296296296 0.06875
1 0.15416666666666667 0.18984375 0.062037037037037036 0.0828125
1 0.21666666666666667 0.2596354166666667 0.040740740740740744 0.06614583333333333
1 0.09722222222222222 0.33984375 0.05740740740740741 0.07864583333333333
