0 0.11805555555555557 0.4046875 0.14537037037037037 0.159375
0 0.37592592592592594 0.42109375 0.17037037037037037 0.15364583333333334
0 0.7319444444444445 0.27760416666666665 0.20277777777777778 0.13333333333333333
0 0.7462962962962963 0.12994791666666666 0.1925925925925926 0.1203125
0 0.5430555555555556 0.15807291666666667 0.14537037037037037 0.12760416666666666
0 0.9277777777777778 0.1953125 0.11296296296296297 0.11041666666666666
0 0.9324074074074075 0.425 0.12222222222222223 0.16145833333333334
0 0.6893518518518519 0.44114583333333335 0.3175925925925926 0.09895833333333333
0 0.6203703703703703 0.49713541666666666 0.2925925925925926 0.0828125
0 0.6222222222222222 0.6375 0.10740740740740741 0.16145833333333334
0 0.5148148148148148 0.58046875 0.20185185185185187 0.11197916666666667
0 0.27592592592592596 0.5541666666666667 0.07962962962962963 0.15416666666666667
0 0.5069444444444444 0.8195312499999999 0.14166666666666666 0.1859375
0 0.774537037037037 0.8276041666666667 0.325 0.08958333333333333
0 0.8125 0.7674479166666667 0.3175925925925926 0.07135416666666666
0 0.8453703703703704 0.6294270833333333 0.22037037037037038 0.12447916666666667
0 0.8680555555555556 0.5690104166666666 0.25092592592592594 0.12447916666666667
