0 0.0787037037037037 0.40651041666666665 0.15925925925925927 0.09010416666666667
0 0.08055555555555556 0.10364583333333333 0.16296296296296298 0.07291666666666667
0 0.39675925925925926 0.26536458333333335 0.2490740740740741 0.12135416666666667
0 0.5768518518518518 0.26640625 0.18333333333333335 0.17239583333333333
0 0.8388888888888889 0.18567708333333333 0.18888888888888888 0.15989583333333332
0 0.8435185185185186 0.16067708333333333 0.1685185185185185 0.13489583333333333
0 0.3615740740740741 0.3997395833333333 0.14166666666666666 0.18385416666666665
0 0.6148148148148148 0.5177083333333333 0.12592592592592594 0.14375
0 0.8481481481481482 0.5466145833333333 0.11296296296296297 0.1328125
0 0.17731481481481481 0.80703125 0.24537037037037038 0.06927083333333334
0 0.06574074074074074 0.7330729166666666 0.11666666666666667 0.0890625
0 0.22268518518518518 0.5338541666666666 0.20462962962962963 0.14375
