0 0.4277777777777778 0.3221354166666667 0.16111111111111112 0.13489583333333333
0 0.6564814814814816 0.19635416666666666 0.2777777777777778 0.06770833333333333
0 0.6851851851851852 0.31484375 0.18333333333333335 0.0609375
0 0.9041666666666667 0.3260416666666667 0.14907407407407408 0.09583333333333333
0 0.7546296296296297 0.4427083333333333 0.10740740740740741 0.159375
0 0.5824074074074075 0.5161458333333333 0.26296296296296295 0.10833333333333334
0 0.5875 0.6028645833333334 0.16944444444444445 0.17552083333333332
0 0.8236111111111112 0.6002604166666666 0.2712962962962963 0.0890625
0 0.7375 0.7002604166666666 0.25462962962962965 0.1296875
0 0.8699074074074075 0.7625 0.23611111111111113 0.052083333333333336
0 0.8685185185185186 0.8809895833333333 0.25925925925925924 0.07239583333333333
0 0.512962962962963 0.7690104166666667 0.2555555555555556 0.07239583333333333
0 0.40601851851851856 0.6674479166666667 0.13611111111111113 0.13072916666666667
0 0.39861111111111114 0.5270833333333333 0.1212962962962963 0.15729166666666666
0 0.21712962962962964 0.5231770833333333 0.1175925925925926 0.14739583333333334
0 0.2263888888888889 0.6278645833333333 0.15462962962962964 0.09739583333333333
0 0.31527777777777777 0.7208333333333333 0.09907407407407408 0.13541666666666666
0 0.22083333333333335 0.7979166666666666 0.20462962962962963 0.071875
0 0.09953703703703703 0.8216145833333334 0.20092592592592592 0.049479166666666664
0 0.24675925925925926 0.15703125 0.23611111111111113 0.13802083333333334
0 0.32962962962962966 0.09270833333333334 0.20185185185185187 0.04791666666666666
0 0.34953703703703703 0.4393229166666667 0.15462962962962964 0.08802083333333333
