0 0.40694444444444444 0.3026041666666667 0.25462962962962965 0.18541666666666667
0 0.7921296296296296 0.2760416666666667 0.33425925925925926 0.09583333333333333
0 0.8472222222222222 0.45416666666666666 0.11481481481481481 0.21979166666666666
0 0.6347222222222223 0.5356770833333333 0.3027777777777778 0.1328125
0 0.6564814814814816 0.6375 0.21296296296296297 0.20625
0 0.7972222222222223 0.81640625 0.28703703703703703 0.12447916666666667
0 0.45787037037037037 0.77734375 0.1564814814814815 0.17760416666666667
0 0.4199074074074074 0.5380208333333333 0.14537037037037037 0.209375
0 0.23148148148148148 0.5380208333333333 0.20185185185185187 0.12395833333333334
0 0.30972222222222223 0.459375 0.15092592592592594 0.10104166666666667
0 0.2569444444444445 0.6666666666666666 0.3138888888888889 0.06875
0 0.14305555555555557 0.7356770833333334 0.22685185185185186 0.09010416666666667
0 0.27870370370370373 0.825 0.19444444444444445 0.16666666666666666
