0 0.3768518518518519 0.3328125 0.27037037037037037 0.15625
0 0.5023148148148149 0.12734375 0.3027777777777778 0.06822916666666666
0 0.21203703703703705 0.1203125 0.2888888888888889 0.11354166666666667
0 0.8236111111111112 0.33203125 0.25277777777777777 0.0796875
0 0.6189814814814815 0.42578125 0.31574074074074077 0.0765625
0 0.3550925925925926 0.5072916666666667 0.24537037037037038 0.052083333333333336
0 0.22453703703703703 0.6013020833333333 0.16944444444444445 0.1828125
0 0.4532407407407408 0.6028645833333334 0.09907407407407408 0.17552083333333332
0 0.7291666666666667 0.5481770833333334 0.4083333333333333 0.16822916666666665
0 0.75 0.559375 0.17407407407407408 0.209375
0 0.8944444444444445 0.63203125 0.12962962962962962 0.23802083333333332
0 0.7925925925925926 0.8776041666666666 0.2962962962962963 0.10416666666666667
0 0.487962962962963 0.86328125 0.1685185185185185 0.14322916666666666
0 0.30092592592592593 0.8739583333333333 0.1 0.10104166666666667
0 0.38981481481481484 0.7104166666666667 0.3685185185185185 0.103125
