1 0.6472222222222223 0.74609375 0.11851851851851852 0.04010416666666666
1 0.6541666666666667 0.8057291666666666 0.06944444444444445 0.075
1 0.7314814814814815 0.78125 0.04259259259259259 0.058333333333333334
1 0.788888888888889 0.78125 0.05555555555555556 0.058333333333333334
1 0.7222222222222222 0.8619791666666666 0.037037037037037035 0.07916666666666666
1 0.7671296296296296 0.8552083333333333 0.04537037037037037 0.06979166666666667
1 0.5472222222222223 0.8880208333333334 0.15 0.0375
1 0.11157407407407408 0.7208333333333333 0.125 0.029166666666666667
1 0.0787037037037037 0.25807291666666665 0.06851851851851852 0.0609375
1 0.21157407407407408 0.14635416666666667 0.0638888888888889 0.041666666666666664
1 0.3143518518518519 0.23489583333333333 0.06574074074074074 0.046875
1 0.7828703703703704 0.14947916666666666 0.125 0.026041666666666668
1 0.8282407407407407 0.25338541666666664 0.05092592592592593 0.059895833333333336
1 0.8324074074074075 0.31640625 0.04814814814814815 0.05364583333333333
1 0.7944444444444445 0.6083333333333333 0.06851851851851852 0.071875
1 0.851388888888889 0.6588541666666666 0.06944444444444445 0.021875
1 0.4814814814814815 0.6197916666666666 0.08148148148148149 0.025
1 0.2050925925925926 0.39765625 0.08055555555555556 0.0234375
1 0.6694444444444445 0.18697916666666667 0.05 0.05625
1 0.9518518518518518 0.21744791666666666 0.09074074074074075 0.06302083333333333
1 0.9523148148148148 0.271875 0.09166666666666667 0.03958333333333333
1 0.9398148148148149 0.3182291666666667 0.04259259259259259 0.06458333333333333
1 0.9277777777777778 0.37395833333333334 0.13148148148148148 0.027083333333333334
1 0.17731481481481481 0.48463541666666665 0.08055555555555556 0.050520833333333334
1 0.04861111111111111 0.58984375 0.0638888888888889 0.0609375
1 0.0712962962962963 0.521875 0.08888888888888889 0.036458333333333336
1 0.04259259259259259 0.4497395833333333 0.07592592592592592 0.0671875
1 0.5268518518518519 0.7705729166666666 0.09814814814814815 0.050520833333333334
1 0.8287037037037037 0.5481770833333334 0.05 0.0640625
