1 0.7203703703703704 0.24687499999999998 0.0462962962962963 0.04791666666666666
1 0.6472222222222223 0.24765625 0.04814814814814815 0.06510416666666667
1 0.5694444444444444 0.24375 0.07777777777777778 0.052083333333333336
1 0.5796296296296296 0.17864583333333334 0.03888888888888889 0.057291666666666664
1 0.8273148148148148 0.17864583333333334 0.12685185185185185 0.026041666666666668
1 0.16203703703703703 0.20807291666666666 0.05555555555555556 0.05364583333333333
1 0.09398148148148149 0.42942708333333335 0.09537037037037037 0.022395833333333334
1 0.06620370370370371 0.45989583333333334 0.10833333333333334 0.020833333333333332
1 0.12824074074074074 0.49140625 0.03425925925925926 0.033854166666666664
1 0.12037037037037038 0.5419270833333333 0.0462962962962963 0.06197916666666667
1 0.13611111111111113 0.665625 0.0462962962962963 0.06458333333333333
1 0.17731481481481481 0.634375 0.04351851851851852 0.0625
1 0.06620370370370371 0.7098958333333333 0.0712962962962963 0.036458333333333336
1 0.275 0.8263020833333333 0.037037037037037035 0.0453125
1 0.3578703703703704 0.8395833333333333 0.1175925925925926 0.03229166666666666
1 0.587962962962963 0.80625 0.06481481481481481 0.06770833333333333
1 0.6699074074074074 0.7807291666666667 0.04351851851851852 0.04583333333333333
1 0.712962962962963 0.7888020833333333 0.040740740740740744 0.0609375
1 0.6976851851851852 0.86171875 0.03425925925925926 0.06614583333333333
1 0.6597222222222222 0.8643229166666666 0.04166666666666667 0.07135416666666666
1 0.7972222222222223 0.7526041666666666 0.06666666666666667 0.052083333333333336
1 0.8402777777777778 0.7145833333333333 0.11574074074074074 0.040625
1 0.7162037037037037 0.6859375 0.08055555555555556 0.053125
1 0.925 0.54453125 0.12222222222222223 0.028645833333333332
1 0.8518518518518519 0.39739583333333334 0.06481481481481481 0.041666666666666664
1 0.3263888888888889 0.2671875 0.07314814814814816 0.036458333333333336
1 0.21574074074074076 0.3104166666666667 0.11111111111111112 0.015625
1 0.250462962962963 0.428125 0.08796296296296297 0.030208333333333334
1 0.39722222222222225 0.5830729166666666 0.05740740740740741 0.050520833333333334
1 0.3814814814814815 0.6338541666666666 0.10185185185185186 0.021875
1 0.48055555555555557 0.6231770833333333 0.09444444444444444 0.024479166666666666
1 0.42453703703703705 0.73203125 0.05277777777777778 0.059895833333333336
1 0.674537037037037 0.60703125 0.030555555555555558 0.059895833333333336
1 0.7870370370370371 0.5825520833333333 0.037037037037037035 0.06510416666666667
1 0.8935185185185186 0.6604166666666667 0.0462962962962963 0.057291666666666664
