1 0.6486111111111111 0.7184895833333333 0.036111111111111115 0.058854166666666666
1 0.5087962962962963 0.7895833333333333 0.03796296296296296 0.04791666666666666
1 0.4990740740740741 0.75390625 0.07407407407407407 0.04010416666666666
1 0.6013888888888889 0.7760416666666666 0.06944444444444445 0.05625
1 0.12592592592592594 0.87734375 0.04814814814814815 0.050520833333333334
1 0.3027777777777778 0.87578125 0.11296296296296297 0.0359375
1 0.7694444444444445 0.3377604166666667 0.1 0.027604166666666666
1 0.1912037037037037 0.2716145833333333 0.04537037037037037 0.057812499999999996
1 0.12361111111111112 0.10208333333333333 0.03981481481481482 0.059375
1 0.2564814814814815 0.7828125 0.040740740740740744 0.071875
1 0.6407407407407407 0.6046875 0.04814814814814815 0.06666666666666667
1 0.7416666666666667 0.64296875 0.08703703703703704 0.0390625
1 0.7694444444444445 0.55703125 0.1 0.0234375
1 0.7574074074074074 0.5098958333333333 0.037037037037037035 0.05625
1 0.7458333333333333 0.39869791666666665 0.049074074074074076 0.058854166666666666
1 0.6398148148148148 0.30572916666666666 0.03888888888888889 0.041666666666666664
1 0.25925925925925924 0.21145833333333333 0.053703703703703705 0.04895833333333333
1 0.30694444444444446 0.71484375 0.10277777777777779 0.024479166666666666
1 0.5273148148148148 0.6872395833333333 0.08055555555555556 0.0390625
1 0.15324074074074073 0.6270833333333333 0.09537037037037037 0.03229166666666666
1 0.07824074074074075 0.6 0.11388888888888889 0.022916666666666665
1 0.018055555555555557 0.5682291666666667 0.03796296296296296 0.058333333333333334
1 0.5162037037037037 0.16927083333333334 0.10462962962962963 0.022916666666666665
1 0.4842592592592593 0.13723958333333333 0.09814814814814815 0.025520833333333333
