0 0.22361111111111112 0.17864583333333334 0.12314814814814816 0.19479166666666667
0 0.4902777777777778 0.25755208333333335 0.32685185185185184 0.0796875
0 0.39537037037037037 0.484375 0.35370370370370374 0.21458333333333332
0 0.31342592592592594 0.3455729166666667 0.20833333333333334 0.14322916666666666
0 0.14166666666666666 0.6692708333333334 0.1925925925925926 0.21875
0 0.4189814814814815 0.7208333333333333 0.2490740740740741 0.08229166666666667
0 0.6601851851851852 0.65546875 0.24074074074074076 0.15989583333333332
0 0.8615740740740742 0.59765625 0.20833333333333334 0.14322916666666666
0 0.6773148148148148 0.8208333333333333 0.38796296296296295 0.04791666666666666
0 0.5212962962962964 0.87109375 0.14444444444444446 0.0890625
0 0.8564814814814815 0.35859375 0.08518518518518518 0.1796875
0 0.9018518518518519 0.23619791666666667 0.18333333333333335 0.0796875
0 0.7337962962962963 0.13072916666666667 0.31203703703703706 0.09895833333333333
0 0.06574074074074074 0.8458333333333333 0.10925925925925926 0.15104166666666666
