1 0.7402777777777778 0.24270833333333333 0.0787037037037037 0.040625
1 0.9023148148148149 0.20182291666666666 0.08425925925925926 0.058854166666666666
1 0.9189814814814815 0.25104166666666666 0.13425925925925927 0.021875
1 0.3800925925925926 0.53203125 0.05462962962962963 0.057812499999999996
1 0.28611111111111115 0.5856770833333333 0.07222222222222223 0.0515625
1 0.40370370370370373 0.3640625 0.053703703703703705 0.06041666666666667
1 0.3648148148148148 0.3138020833333333 0.03333333333333333 0.05260416666666667
1 0.17453703703703705 0.2942708333333333 0.058333333333333334 0.06458333333333333
1 0.1 0.375 0.053703703703703705 0.052083333333333336
1 0.21435185185185185 0.44817708333333334 0.05648148148148149 0.043229166666666666
1 0.17685185185185187 0.47578125 0.03333333333333333 0.0546875
1 0.3578703703703704 0.45468749999999997 0.04722222222222222 0.059375
1 0.30694444444444446 0.5033854166666667 0.062037037037037036 0.04635416666666667
1 0.3092592592592593 0.7322916666666667 0.05740740740740741 0.051041666666666666
1 0.24537037037037038 0.6921875 0.0925925925925926 0.05625
1 0.2898148148148148 0.7802083333333333 0.0962962962962963 0.021875
1 0.46296296296296297 0.6921875 0.1 0.03333333333333333
1 0.4027777777777778 0.6291666666666667 0.11666666666666667 0.026041666666666668
1 0.587962962962963 0.26666666666666666 0.11296296296296297 0.015625
1 0.8699074074074075 0.8236979166666667 0.09722222222222222 0.05677083333333333
1 0.8236111111111112 0.896875 0.09351851851851853 0.03854166666666667
1 0.5388888888888889 0.8325520833333333 0.06666666666666667 0.0390625
1 0.4356481481481482 0.8057291666666666 0.10277777777777779 0.022916666666666665
1 0.6694444444444445 0.7588541666666666 0.08148148148148149 0.05
1 0.3689814814814815 0.65859375 0.08796296296296297 0.019270833333333334
1 0.8532407407407407 0.54296875 0.032407407407407406 0.0796875
1 0.8870370370370371 0.4783854166666667 0.08518518518518518 0.0234375
1 0.5356481481481482 0.7361979166666667 0.05648148148148149 0.06614583333333333
1 0.5717592592592593 0.90390625 0.04166666666666667 0.0609375
