0 0.5347222222222222 0.23984375 0.13611111111111113 0.14635416666666667
0 0.3662037037037037 0.2552083333333333 0.20092592592592592 0.11145833333333333
0 0.8217592592592593 0.19583333333333333 0.20462962962962963 0.16458333333333333
0 0.3282407407407408 0.37265625 0.13240740740740742 0.1828125
0 0.5620370370370371 0.503125 0.1 0.15208333333333332
0 0.8273148148148148 0.5283854166666666 0.13611111111111113 0.1328125
0 0.6791666666666667 0.6755208333333333 0.06574074074074074 0.16145833333333334
0 0.1398148148148148 0.8046875 0.2574074074074074 0.0625
0 0.20092592592592592 0.52578125 0.16111111111111112 0.10677083333333333
0 0.8060185185185186 0.1484375 0.14166666666666666 0.11041666666666666
