1 0.39814814814814814 0.3515625 0.05185185185185186 0.04375
1 0.39583333333333337 0.2828125 0.05648148148148149 0.053125
1 0.5472222222222223 0.23151041666666666 0.04814814814814815 0.0453125
1 0.6287037037037038 0.1828125 0.08333333333333334 0.03333333333333333
1 0.5796296296296296 0.15104166666666666 0.08148148148148149 0.035416666666666666
1 0.8203703703703704 0.19869791666666667 0.03333333333333333 0.050520833333333334
1 0.937962962962963 0.253125 0.02592592592592593 0.03333333333333333
1 0.900462962962963 0.35885416666666664 0.03796296296296296 0.04895833333333333
1 0.4027777777777778 0.60546875 0.11481481481481481 0.021354166666666667
1 0.3625 0.703125 0.04351851851851852 0.05520833333333333
1 0.4314814814814815 0.7328125 0.10740740740740741 0.053125
1 0.2162037037037037 0.7786458333333334 0.08425925925925926 0.03854166666666667
1 0.3263888888888889 0.6705729166666666 0.06574074074074074 0.033854166666666664
1 0.25277777777777777 0.5848958333333333 0.09814814814814815 0.01875
1 0.30324074074074076 0.46015625 0.05648148148148149 0.04739583333333333
1 0.4310185185185185 0.40130208333333334 0.0787037037037037 0.049479166666666664
1 0.9296296296296297 0.8809895833333333 0.0925925925925926 0.04739583333333333
1 0.3675925925925926 0.5166666666666666 0.05925925925925926 0.041666666666666664
1 0.38796296296296295 0.4549479166666667 0.09444444444444444 0.03697916666666667
1 0.8074074074074075 0.3375 0.10555555555555556 0.028125
1 0.737962962962963 0.29010416666666666 0.0462962962962963 0.04479166666666667
1 0.737962962962963 0.8166666666666667 0.05925925925925926 0.0625
1 0.812962962962963 0.8854166666666666 0.06481481481481481 0.05
1 0.24814814814814815 0.69609375 0.05925925925925926 0.049479166666666664
1 0.18287037037037038 0.61640625 0.06759259259259259 0.059895833333333336
1 0.08611111111111111 0.61875 0.07592592592592592 0.06458333333333333
1 0.7606481481481482 0.7080729166666666 0.05648148148148149 0.0515625
1 0.674537037037037 0.6971354166666667 0.04722222222222222 0.050520833333333334
1 0.6287037037037038 0.68828125 0.040740740740740744 0.04114583333333333
1 0.49212962962962964 0.58984375 0.08425925925925926 0.01614583333333333
1 0.5898148148148148 0.6 0.09814814814814815 0.014583333333333334
