0 0.5967592592592593 0.24140625 0.24537037037037038 0.12447916666666667
0 0.7648148148148148 0.15104166666666666 0.1925925925925926 0.16666666666666666
0 0.7402777777777778 0.35885416666666664 0.13611111111111113 0.15104166666666666
0 0.5120370370370371 0.3625 0.30185185185185187 0.09479166666666666
0 0.4365740740740741 0.4236979166666667 0.3212962962962963 0.0890625
0 0.19444444444444445 0.3854166666666667 0.11296296296296297 0.20416666666666666
0 0.09583333333333334 0.47578125 0.13240740740740742 0.16822916666666665
0 0.4342592592592593 0.57265625 0.10925925925925926 0.17447916666666666
0 0.31342592592592594 0.5104166666666666 0.20833333333333334 0.09270833333333334
0 0.6490740740740741 0.5708333333333333 0.3 0.11354166666666667
0 0.6722222222222223 0.4890625 0.29074074074074074 0.12395833333333334
0 0.7925925925925926 0.45677083333333335 0.20185185185185187 0.171875
0 0.6472222222222223 0.68515625 0.2888888888888889 0.06614583333333333
0 0.6203703703703703 0.7497395833333333 0.2814814814814815 0.08177083333333333
0 0.31527777777777777 0.7684895833333333 0.15462962962962964 0.17552083333333332
