0 0.42592592592592593 0.3130208333333333 0.21666666666666667 0.153125
0 0.675462962962963 0.16875 0.2972222222222222 0.05520833333333333
0 0.7921296296296296 0.41822916666666665 0.12685185185185185 0.15729166666666666
0 0.5842592592592593 0.5143229166666666 0.2888888888888889 0.1296875
0 0.6046296296296296 0.6200520833333333 0.1925925925925926 0.17760416666666667
0 0.8393518518518519 0.6109375 0.31574074074074077 0.11666666666666667
0 0.736574074074074 0.7393229166666666 0.21203703703703705 0.14010416666666667
0 0.5305555555555556 0.81640625 0.2833333333333333 0.1140625
0 0.41620370370370374 0.68359375 0.12314814814814816 0.12447916666666667
0 0.39861111111111114 0.540625 0.15833333333333333 0.171875
0 0.34814814814814815 0.4236979166666667 0.16481481481481483 0.0765625
0 0.2351851851851852 0.5216145833333333 0.08888888888888889 0.14010416666666667
0 0.11388888888888889 0.5921875 0.22962962962962963 0.058333333333333334
0 0.18425925925925926 0.6638020833333333 0.18333333333333335 0.07447916666666667
0 0.32175925925925924 0.7356770833333334 0.12314814814814816 0.13697916666666665
0 0.19351851851851853 0.8388020833333333 0.19444444444444445 0.09010416666666667
0 0.07731481481481482 0.7739583333333333 0.15092592592592594 0.12395833333333334
0 0.24583333333333335 0.11666666666666667 0.23055555555555557 0.09583333333333333
