0 0.43333333333333335 0.34791666666666665 0.2888888888888889 0.16458333333333333
0 0.826388888888889 0.32916666666666666 0.25833333333333336 0.08541666666666667
0 0.4930555555555556 0.44166666666666665 0.3027777777777778 0.09791666666666667
0 0.24722222222222223 0.58046875 0.10555555555555556 0.1984375
0 0.4712962962962963 0.5924479166666666 0.10740740740740741 0.1796875
0 0.6916666666666667 0.565625 0.3592592592592593 0.14375
0 0.9199074074074074 0.52265625 0.15462962962962964 0.2015625
0 0.7037037037037037 0.6559895833333333 0.24074074074074076 0.17552083333333332
0 0.3842592592592593 0.7328125 0.3611111111111111 0.053125
0 0.0912037037037037 0.7940104166666666 0.16018518518518518 0.06927083333333334
0 0.31342592592592594 0.8736979166666666 0.1398148148148148 0.1328125
0 0.48333333333333334 0.8580729166666666 0.17777777777777778 0.14322916666666666
0 0.8115740740740741 0.8765625 0.33425925925925926 0.10625
