0 0.6231481481481481 0.81796875 0.10925925925925926 0.17239583333333333
0 0.5750000000000001 0.7453125 0.2777777777777778 0.1375
0 0.8490740740740741 0.7611979166666667 0.2777777777777778 0.16510416666666666
0 0.7847222222222222 0.303125 0.23611111111111113 0.09270833333333334
0 0.7925925925925926 0.2296875 0.25925925925925924 0.10520833333333333
0 0.45046296296296295 0.34791666666666665 0.25462962962962965 0.11354166666666667
0 0.4666666666666667 0.29192708333333334 0.26851851851851855 0.04010416666666666
0 0.46481481481481485 0.16458333333333333 0.26481481481481484 0.15729166666666666
0 0.4675925925925926 0.12734375 0.18333333333333335 0.1296875
0 0.23333333333333334 0.20052083333333334 0.0925925925925926 0.21666666666666667
0 0.39675925925925926 0.5411458333333333 0.33611111111111114 0.11145833333333333
0 0.6185185185185186 0.5513020833333333 0.1574074074074074 0.23385416666666667
0 0.11990740740740741 0.38671875 0.12314814814814816 0.1765625
0 0.16666666666666669 0.7911458333333333 0.2814814814814815 0.10104166666666667
0 0.09490740740740741 0.6247395833333333 0.19166666666666668 0.0828125
