1 0.7620370370370371 0.5877604166666667 0.037037037037037035 0.06302083333333333
1 0.8356481481481481 0.6252604166666667 0.09537037037037037 0.028645833333333332
1 0.9013888888888889 0.6578125 0.09351851851851853 0.040625
1 0.7152777777777778 0.7231770833333333 0.08055555555555556 0.0453125
1 0.7717592592592593 0.7591145833333334 0.06759259259259259 0.04635416666666667
1 0.6875 0.7916666666666666 0.05462962962962963 0.05625
1 0.6439814814814815 0.7838541666666666 0.028703703703703703 0.05
1 0.5666666666666667 0.80625 0.06851851851851852 0.07604166666666666
1 0.6731481481481482 0.8645833333333334 0.037037037037037035 0.07083333333333333
1 0.638425925925926 0.8533854166666667 0.03981481481481482 0.0671875
1 0.5398148148148149 0.7057291666666666 0.07407407407407407 0.06354166666666666
1 0.24583333333333335 0.8278645833333333 0.03981481481481482 0.044270833333333336
1 0.10416666666666667 0.6192708333333333 0.09907407407407408 0.0625
1 0.3513888888888889 0.6346354166666667 0.10277777777777779 0.019270833333333334
1 0.3143518518518519 0.6822916666666666 0.09722222222222222 0.030208333333333334
1 0.20601851851851852 0.6890625 0.09722222222222222 0.030208333333333334
1 0.6245370370370371 0.23958333333333334 0.04351851851851852 0.06666666666666667
1 0.5412037037037037 0.1640625 0.04351851851851852 0.06354166666666666
1 0.5462962962962963 0.24557291666666667 0.0962962962962963 0.05677083333333333
1 0.6425925925925926 0.15 0.12037037037037038 0.022916666666666665
1 0.10138888888888889 0.346875 0.05462962962962963 0.046875
1 0.1814814814814815 0.3651041666666667 0.10555555555555556 0.026041666666666668
1 0.10185185185185186 0.3953125 0.09444444444444444 0.026041666666666668
1 0.07731481481481482 0.23229166666666667 0.125 0.030208333333333334
1 0.17824074074074076 0.14010416666666667 0.049074074074074076 0.07083333333333333
1 0.8578703703703704 0.34661458333333334 0.03981481481481482 0.05260416666666667
1 0.4476851851851852 0.853125 0.10462962962962963 0.03229166666666666
