0 0.47685185185185186 0.309375 0.2962962962962963 0.04583333333333333
0 0.7356481481481482 0.14791666666666667 0.31574074074074077 0.11145833333333333
0 0.8472222222222222 0.2838541666666667 0.16111111111111112 0.14375
0 0.9087962962962963 0.53515625 0.1787037037037037 0.09322916666666667
0 0.6962962962962963 0.63203125 0.2555555555555556 0.1421875
0 0.7763888888888889 0.7544270833333333 0.275 0.08489583333333334
0 0.42453703703703705 0.6692708333333334 0.23055555555555557 0.09583333333333333
0 0.4314814814814815 0.46848958333333335 0.2555555555555556 0.16822916666666665
0 0.36944444444444446 0.3731770833333333 0.17962962962962964 0.14114583333333333
0 0.4842592592592593 0.5645833333333333 0.08518518518518518 0.09895833333333333
0 0.22916666666666669 0.6416666666666666 0.12314814814814816 0.16145833333333334
0 0.1527777777777778 0.5533854166666666 0.11296296296296297 0.1296875
0 0.325 0.20052083333333334 0.09814814814814815 0.2
0 0.46481481481481485 0.12864583333333332 0.09444444444444444 0.103125
