0 0.6787037037037037 0.60078125 0.18333333333333335 0.1328125
0 0.8356481481481481 0.6473958333333333 0.2138888888888889 0.11145833333333333
0 0.6319444444444444 0.8208333333333333 0.14537037037037037 0.11562499999999999
0 0.4689814814814815 0.8809895833333333 0.14166666666666666 0.07239583333333333
0 0.4615740740740741 0.7330729166666666 0.1638888888888889 0.12135416666666667
0 0.23287037037037037 0.7973958333333333 0.14907407407407408 0.11145833333333333
0 0.13703703703703704 0.7260416666666667 0.20185185185185187 0.09895833333333333
0 0.28055555555555556 0.6841145833333333 0.20555555555555557 0.14010416666666667
0 0.8101851851851852 0.3 0.11296296296296297 0.14375
0 0.8990740740740741 0.47994791666666664 0.18888888888888888 0.08489583333333334
0 0.48055555555555557 0.6278645833333333 0.21296296296296297 0.0765625
0 0.4412037037037037 0.3619791666666667 0.12314814814814816 0.09791666666666667
0 0.42685185185185187 0.13567708333333334 0.07592592592592592 0.0953125
0 0.5689814814814815 0.13802083333333334 0.1398148148148148 0.053125
0 0.7828703703703704 0.11927083333333333 0.13796296296296298 0.090625
0 0.8148148148148149 0.18828125 0.19814814814814816 0.0734375
0 0.6231481481481481 0.16328125 0.17407407407407408 0.044270833333333336
0 0.37962962962962965 0.2674479166666667 0.12407407407407407 0.12760416666666666
0 0.21712962962962964 0.15572916666666667 0.1175925925925926 0.10625
0 0.20972222222222223 0.21223958333333334 0.15092592592592594 0.0890625
0 0.18101851851851852 0.3140625 0.22685185185185186 0.05520833333333333
0 0.2652777777777778 0.39947916666666666 0.2175925925925926 0.04479166666666667
0 0.30833333333333335 0.5934895833333333 0.08518518518518518 0.13489583333333333
0 0.2611111111111111 0.534375 0.08518518518518518 0.10625
0 0.48333333333333334 0.459375 0.20740740740740743 0.121875
0 0.5212962962962964 0.5471354166666667 0.07592592592592592 0.0953125
0 0.6138888888888889 0.33984375 0.1925925925925926 0.07447916666666667
