0 0.1087962962962963 0.46796875 0.21944444444444444 0.12239583333333333
0 0.34675925925925927 0.30546875 0.2175925925925926 0.1328125
0 0.5504629629629629 0.2838541666666667 0.1675925925925926 0.16875
0 0.8083333333333333 0.20416666666666666 0.1925925925925926 0.20104166666666667
0 0.7708333333333334 0.20703125 0.23055555555555557 0.1171875
0 0.3425925925925926 0.10963541666666667 0.17962962962962964 0.0921875
0 0.0625 0.125 0.12685185185185185 0.09166666666666666
0 0.3236111111111111 0.44609375 0.14166666666666666 0.19114583333333332
0 0.5837962962962964 0.5481770833333334 0.11388888888888889 0.1296875
0 0.8148148148148149 0.5973958333333333 0.08518518518518518 0.14791666666666667
0 0.1851851851851852 0.8231770833333333 0.26851851851851855 0.07864583333333333
0 0.20555555555555557 0.5783854166666667 0.17037037037037037 0.14322916666666666
